            1      Timestep cnforce (F... cnvforce (... cxsforce (... cysforce (... czsforce (... csforce (F... csvforce (... mechanical... mechanical... mechanical... 
------------- ------------- ------------- ------------- ------------- ------------- ------------- ------------- ------------- ------------- ------------- ------------- 
 1.000000e-03  1.000000e-03  3.011693e+01  5.437575e+02  0.000000e+00  0.000000e+00  0.000000e+00  0.000000e+00  0.000000e+00  1.204677e-04  0.000000e+00  5.437575e-03 
 2.000000e-03  1.000000e-03  8.518354e+01  6.466403e+02  0.000000e+00  0.000000e+00  0.000000e+00  0.000000e+00  0.000000e+00  6.814683e-04  0.000000e+00  1.190398e-02 
 3.000000e-03  1.000000e-03  1.564922e+02  7.156252e+02  0.000000e+00  0.000000e+00  0.000000e+00  0.000000e+00  0.000000e+00  1.877906e-03  0.000000e+00  1.906023e-02 
 4.000000e-03  1.000000e-03  2.409354e+02  7.689893e+02  0.000000e+00  0.000000e+00  0.000000e+00  0.000000e+00  0.000000e+00  3.854967e-03  0.000000e+00  2.675012e-02 
 5.000000e-03  1.000000e-03  3.367175e+02  8.131072e+02  0.000000e+00  0.000000e+00  0.000000e+00  0.000000e+00  0.000000e+00  6.734350e-03  0.000000e+00  3.488120e-02 
 6.000000e-03  1.000000e-03  4.426267e+02  8.510266e+02  0.000000e+00  0.000000e+00  0.000000e+00  0.000000e+00  0.000000e+00  1.062304e-02  0.000000e+00  4.339146e-02 
 7.000000e-03  1.000000e-03  5.577734e+02  8.844633e+02  0.000000e+00  0.000000e+00  0.000000e+00  0.000000e+00  0.000000e+00  1.561765e-02  0.000000e+00  5.223609e-02 
 8.000000e-03  1.000000e-03  6.814683e+02  9.144875e+02  0.000000e+00  0.000000e+00  0.000000e+00  0.000000e+00  0.000000e+00  2.180699e-02  0.000000e+00  6.138097e-02 
 9.000000e-03  1.000000e-03  8.131571e+02  9.418157e+02  0.000000e+00  0.000000e+00  0.000000e+00  0.000000e+00  0.000000e+00  2.927366e-02  0.000000e+00  7.079913e-02 
 1.000000e-02  1.000000e-03  9.523810e+02  9.669528e+02  0.000000e+00  0.000000e+00  0.000000e+00  0.000000e+00  0.000000e+00  3.809524e-02  0.000000e+00  8.046865e-02 
 1.100000e-02  1.000000e-03  1.098752e+03  9.902697e+02  0.000000e+00  0.000000e+00  0.000000e+00  0.000000e+00  0.000000e+00  4.834509e-02  0.000000e+00  9.037135e-02 
 1.200000e-02  1.000000e-03  1.251937e+03  1.012047e+03  0.000000e+00  0.000000e+00  0.000000e+00  0.000000e+00  0.000000e+00  6.009299e-02  0.000000e+00  1.004918e-01 
 1.300000e-02  1.000000e-03  1.411646e+03  1.032503e+03  0.000000e+00  0.000000e+00  0.000000e+00  0.000000e+00  0.000000e+00  7.340558e-02  0.000000e+00  1.108168e-01 
 1.400000e-02  1.000000e-03  1.577621e+03  1.051810e+03  0.000000e+00  0.000000e+00  0.000000e+00  0.000000e+00  0.000000e+00  8.834679e-02  0.000000e+00  1.213349e-01 
 1.500000e-02  1.000000e-03  1.749636e+03  1.070109e+03  0.000000e+00  0.000000e+00  0.000000e+00  0.000000e+00  0.000000e+00  1.049781e-01  0.000000e+00  1.320360e-01 
 1.600000e-02  1.000000e-03  1.927484e+03  1.087515e+03  0.000000e+00  0.000000e+00  0.000000e+00  0.000000e+00  0.000000e+00  1.233589e-01  0.000000e+00  1.429112e-01 
 1.700000e-02  1.000000e-03  2.110980e+03  1.104123e+03  0.000000e+00  0.000000e+00  0.000000e+00  0.000000e+00  0.000000e+00  1.435466e-01  0.000000e+00  1.539524e-01 
 1.800000e-02  1.000000e-03  2.299956e+03  1.120014e+03  0.000000e+00  0.000000e+00  0.000000e+00  0.000000e+00  0.000000e+00  1.655968e-01  0.000000e+00  1.651526e-01 
 1.900000e-02  1.000000e-03  2.494256e+03  1.135256e+03  0.000000e+00  0.000000e+00  0.000000e+00  0.000000e+00  0.000000e+00  1.895635e-01  0.000000e+00  1.765051e-01 
 2.000000e-02  1.000000e-03  2.693740e+03  1.149907e+03  0.000000e+00  0.000000e+00  0.000000e+00  0.000000e+00  0.000000e+00  2.154992e-01  0.000000e+00  1.880042e-01 
 2.100000e-02  1.000000e-03  2.898275e+03  1.164019e+03  0.000000e+00  0.000000e+00  0.000000e+00  0.000000e+00  0.000000e+00  2.434551e-01  0.000000e+00  1.996444e-01 
 2.200000e-02  1.000000e-03  3.107740e+03  1.177636e+03  0.000000e+00  0.000000e+00  0.000000e+00  0.000000e+00  0.000000e+00  2.734811e-01  0.000000e+00  2.114207e-01 
 2.300000e-02  1.000000e-03  3.322022e+03  1.190796e+03  0.000000e+00  0.000000e+00  0.000000e+00  0.000000e+00  0.000000e+00  3.056260e-01  0.000000e+00  2.233287e-01 
 2.400000e-02  1.000000e-03  3.541013e+03  1.203533e+03  0.000000e+00  0.000000e+00  0.000000e+00  0.000000e+00  0.000000e+00  3.399373e-01  0.000000e+00  2.353640e-01 
 2.500000e-02  1.000000e-03  3.764616e+03  1.215879e+03  0.000000e+00  0.000000e+00  0.000000e+00  0.000000e+00  0.000000e+00  3.764616e-01  0.000000e+00  2.475228e-01 
 2.600000e-02  1.000000e-03  3.992737e+03  1.227859e+03  0.000000e+00  0.000000e+00  0.000000e+00  0.000000e+00  0.000000e+00  4.152447e-01  0.000000e+00  2.598014e-01 
 2.700000e-02  1.000000e-03  4.225288e+03  1.239499e+03  0.000000e+00  0.000000e+00  0.000000e+00  0.000000e+00  0.000000e+00  4.563311e-01  0.000000e+00  2.721964e-01 
 2.800000e-02  1.000000e-03  4.462187e+03  1.250820e+03  0.000000e+00  0.000000e+00  0.000000e+00  0.000000e+00  0.000000e+00  4.997649e-01  0.000000e+00  2.847046e-01 
 2.900000e-02  1.000000e-03  4.703354e+03  1.261841e+03  0.000000e+00  0.000000e+00  0.000000e+00  0.000000e+00  0.000000e+00  5.455891e-01  0.000000e+00  2.973230e-01 
 3.000000e-02  1.000000e-03  4.948717e+03  1.272582e+03  0.000000e+00  0.000000e+00  0.000000e+00  0.000000e+00  0.000000e+00  5.938460e-01  0.000000e+00  3.100488e-01 
 3.100000e-02  1.000000e-03  5.198203e+03  1.283056e+03  0.000000e+00  0.000000e+00  0.000000e+00  0.000000e+00  0.000000e+00  6.445772e-01  0.000000e+00  3.228794e-01 
 3.200000e-02  1.000000e-03  5.451747e+03  1.293281e+03  0.000000e+00  0.000000e+00  0.000000e+00  0.000000e+00  0.000000e+00  6.978236e-01  0.000000e+00  3.358122e-01 
 3.300000e-02  1.000000e-03  5.709284e+03  1.303268e+03  0.000000e+00  0.000000e+00  0.000000e+00  0.000000e+00  0.000000e+00  7.536254e-01  0.000000e+00  3.488449e-01 
 3.400000e-02  1.000000e-03  5.970753e+03  1.313031e+03  0.000000e+00  0.000000e+00  0.000000e+00  0.000000e+00  0.000000e+00  8.120224e-01  0.000000e+00  3.619752e-01 
 3.500000e-02  1.000000e-03  6.236096e+03  1.322581e+03  0.000000e+00  0.000000e+00  0.000000e+00  0.000000e+00  0.000000e+00  8.730534e-01  0.000000e+00  3.752010e-01 
 3.600000e-02  1.000000e-03  6.505257e+03  1.331929e+03  0.000000e+00  0.000000e+00  0.000000e+00  0.000000e+00  0.000000e+00  9.367570e-01  0.000000e+00  3.885203e-01 
 3.700000e-02  1.000000e-03  6.778183e+03  1.341083e+03  0.000000e+00  0.000000e+00  0.000000e+00  0.000000e+00  0.000000e+00  1.003171e+00  0.000000e+00  4.019311e-01 
 3.800000e-02  1.000000e-03  7.054823e+03  1.350054e+03  0.000000e+00  0.000000e+00  0.000000e+00  0.000000e+00  0.000000e+00  1.072333e+00  0.000000e+00  4.154317e-01 
 3.900000e-02  1.000000e-03  7.335127e+03  1.358850e+03  0.000000e+00  0.000000e+00  0.000000e+00  0.000000e+00  0.000000e+00  1.144280e+00  0.000000e+00  4.290202e-01 
 4.000000e-02  1.000000e-03  7.619048e+03  1.367478e+03  0.000000e+00  0.000000e+00  0.000000e+00  0.000000e+00  0.000000e+00  1.219048e+00  0.000000e+00  4.426949e-01 
 4.100000e-02  1.000000e-03  7.906540e+03  1.375946e+03  0.000000e+00  0.000000e+00  0.000000e+00  0.000000e+00  0.000000e+00  1.296673e+00  0.000000e+00  4.564544e-01 
 4.200000e-02  1.000000e-03  8.197561e+03  1.384260e+03  0.000000e+00  0.000000e+00  0.000000e+00  0.000000e+00  0.000000e+00  1.377190e+00  0.000000e+00  4.702970e-01 
 4.300000e-02  1.000000e-03  8.492066e+03  1.392427e+03  0.000000e+00  0.000000e+00  0.000000e+00  0.000000e+00  0.000000e+00  1.460635e+00  0.000000e+00  4.842213e-01 
 4.400000e-02  1.000000e-03  8.790017e+03  1.400453e+03  0.000000e+00  0.000000e+00  0.000000e+00  0.000000e+00  0.000000e+00  1.547043e+00  0.000000e+00  4.982258e-01 
 4.500000e-02  1.000000e-03  9.091373e+03  1.408343e+03  0.000000e+00  0.000000e+00  0.000000e+00  0.000000e+00  0.000000e+00  1.636447e+00  0.000000e+00  5.123092e-01 
 4.600000e-02  1.000000e-03  9.396096e+03  1.416103e+03  0.000000e+00  0.000000e+00  0.000000e+00  0.000000e+00  0.000000e+00  1.728882e+00  0.000000e+00  5.264702e-01 
 4.700000e-02  1.000000e-03  9.704150e+03  1.423737e+03  0.000000e+00  0.000000e+00  0.000000e+00  0.000000e+00  0.000000e+00  1.824380e+00  0.000000e+00  5.407076e-01 
 4.800000e-02  1.000000e-03  1.001550e+04  1.431250e+03  0.000000e+00  0.000000e+00  0.000000e+00  0.000000e+00  0.000000e+00  1.922976e+00  0.000000e+00  5.550201e-01 
 4.900000e-02  1.000000e-03  1.033011e+04  1.438647e+03  0.000000e+00  0.000000e+00  0.000000e+00  0.000000e+00  0.000000e+00  2.024701e+00  0.000000e+00  5.694066e-01 
 5.000000e-02  1.000000e-03  1.064794e+04  1.445932e+03  0.000000e+00  0.000000e+00  0.000000e+00  0.000000e+00  0.000000e+00  2.129589e+00  0.000000e+00  5.838659e-01 
 5.100000e-02  1.000000e-03  1.096897e+04  1.453108e+03  0.000000e+00  0.000000e+00  0.000000e+00  0.000000e+00  0.000000e+00  2.237670e+00  0.000000e+00  5.983970e-01 
 5.200000e-02  1.000000e-03  1.129317e+04  1.460179e+03  0.000000e+00  0.000000e+00  0.000000e+00  0.000000e+00  0.000000e+00  2.348979e+00  0.000000e+00  6.129988e-01 
 5.300000e-02  1.000000e-03  1.162049e+04  1.467149e+03  0.000000e+00  0.000000e+00  0.000000e+00  0.000000e+00  0.000000e+00  2.463544e+00  0.000000e+00  6.276703e-01 
 5.400000e-02  1.000000e-03  1.195092e+04  1.474021e+03  0.000000e+00  0.000000e+00  0.000000e+00  0.000000e+00  0.000000e+00  2.581399e+00  0.000000e+00  6.424105e-01 
 5.500000e-02  1.000000e-03  1.228442e+04  1.480799e+03  0.000000e+00  0.000000e+00  0.000000e+00  0.000000e+00  0.000000e+00  2.702573e+00  0.000000e+00  6.572185e-01 
 5.600000e-02  1.000000e-03  1.262097e+04  1.487484e+03  0.000000e+00  0.000000e+00  0.000000e+00  0.000000e+00  0.000000e+00  2.827097e+00  0.000000e+00  6.720933e-01 
 5.700000e-02  1.000000e-03  1.296054e+04  1.494081e+03  0.000000e+00  0.000000e+00  0.000000e+00  0.000000e+00  0.000000e+00  2.955002e+00  0.000000e+00  6.870341e-01 
 5.800000e-02  1.000000e-03  1.330309e+04  1.500591e+03  0.000000e+00  0.000000e+00  0.000000e+00  0.000000e+00  0.000000e+00  3.086318e+00  0.000000e+00  7.020400e-01 
 5.900000e-02  1.000000e-03  1.364862e+04  1.507018e+03  0.000000e+00  0.000000e+00  0.000000e+00  0.000000e+00  0.000000e+00  3.221074e+00  0.000000e+00  7.171102e-01 
 6.000000e-02  1.000000e-03  1.399708e+04  1.513363e+03  0.000000e+00  0.000000e+00  0.000000e+00  0.000000e+00  0.000000e+00  3.359300e+00  0.000000e+00  7.322438e-01 
 6.100000e-02  1.000000e-03  1.434847e+04  1.519630e+03  0.000000e+00  0.000000e+00  0.000000e+00  0.000000e+00  0.000000e+00  3.501026e+00  0.000000e+00  7.474401e-01 
 6.200000e-02  1.000000e-03  1.470274e+04  1.525820e+03  0.000000e+00  0.000000e+00  0.000000e+00  0.000000e+00  0.000000e+00  3.646279e+00  0.000000e+00  7.626983e-01 
 6.300000e-02  1.000000e-03  1.505988e+04  1.531935e+03  0.000000e+00  0.000000e+00  0.000000e+00  0.000000e+00  0.000000e+00  3.795090e+00  0.000000e+00  7.780177e-01 
 6.400000e-02  1.000000e-03  1.541987e+04  1.537979e+03  0.000000e+00  0.000000e+00  0.000000e+00  0.000000e+00  0.000000e+00  3.947486e+00  0.000000e+00  7.933975e-01 
 6.500000e-02  1.000000e-03  1.578268e+04  1.543951e+03  0.000000e+00  0.000000e+00  0.000000e+00  0.000000e+00  0.000000e+00  4.103497e+00  0.000000e+00  8.088370e-01 
 6.600000e-02  1.000000e-03  1.614829e+04  1.549856e+03  0.000000e+00  0.000000e+00  0.000000e+00  0.000000e+00  0.000000e+00  4.263149e+00  0.000000e+00  8.243355e-01 
 6.700000e-02  1.000000e-03  1.651669e+04  1.555693e+03  0.000000e+00  0.000000e+00  0.000000e+00  0.000000e+00  0.000000e+00  4.426472e+00  0.000000e+00  8.398925e-01 
 6.800000e-02  1.000000e-03  1.688784e+04  1.561466e+03  0.000000e+00  0.000000e+00  0.000000e+00  0.000000e+00  0.000000e+00  4.593492e+00  0.000000e+00  8.555071e-01 
 6.900000e-02  1.000000e-03  1.726173e+04  1.567175e+03  0.000000e+00  0.000000e+00  0.000000e+00  0.000000e+00  0.000000e+00  4.764238e+00  0.000000e+00  8.711789e-01 
 7.000000e-02  1.000000e-03  1.763834e+04  1.572823e+03  0.000000e+00  0.000000e+00  0.000000e+00  0.000000e+00  0.000000e+00  4.938736e+00  0.000000e+00  8.869071e-01 
 7.100000e-02  1.000000e-03  1.801765e+04  1.578410e+03  0.000000e+00  0.000000e+00  0.000000e+00  0.000000e+00  0.000000e+00  5.117014e+00  0.000000e+00  9.026912e-01 
 7.200000e-02  1.000000e-03  1.839965e+04  1.583939e+03  0.000000e+00  0.000000e+00  0.000000e+00  0.000000e+00  0.000000e+00  5.299098e+00  0.000000e+00  9.185306e-01 
 7.300000e-02  1.000000e-03  1.878430e+04  1.589410e+03  0.000000e+00  0.000000e+00  0.000000e+00  0.000000e+00  0.000000e+00  5.485015e+00  0.000000e+00  9.344247e-01 
 7.400000e-02  1.000000e-03  1.917160e+04  1.594826e+03  0.000000e+00  0.000000e+00  0.000000e+00  0.000000e+00  0.000000e+00  5.674793e+00  0.000000e+00  9.503730e-01 
 7.500000e-02  1.000000e-03  1.956152e+04  1.600187e+03  0.000000e+00  0.000000e+00  0.000000e+00  0.000000e+00  0.000000e+00  5.868456e+00  0.000000e+00  9.663748e-01 
 7.600000e-02  1.000000e-03  1.995405e+04  1.605494e+03  0.000000e+00  0.000000e+00  0.000000e+00  0.000000e+00  0.000000e+00  6.066032e+00  0.000000e+00  9.824298e-01 
 7.700000e-02  1.000000e-03  2.034917e+04  1.610749e+03  0.000000e+00  0.000000e+00  0.000000e+00  0.000000e+00  0.000000e+00  6.267546e+00  0.000000e+00  9.985373e-01 
 7.800000e-02  1.000000e-03  2.074687e+04  1.615954e+03  0.000000e+00  0.000000e+00  0.000000e+00  0.000000e+00  0.000000e+00  6.473024e+00  0.000000e+00  1.014697e+00 
 7.900000e-02  1.000000e-03  2.114713e+04  1.621108e+03  0.000000e+00  0.000000e+00  0.000000e+00  0.000000e+00  0.000000e+00  6.682492e+00  0.000000e+00  1.030908e+00 
 8.000000e-02  1.000000e-03  2.154992e+04  1.626214e+03  0.000000e+00  0.000000e+00  0.000000e+00  0.000000e+00  0.000000e+00  6.895975e+00  0.000000e+00  1.047170e+00 
 8.100000e-02  1.000000e-03  2.195524e+04  1.631273e+03  0.000000e+00  0.000000e+00  0.000000e+00  0.000000e+00  0.000000e+00  7.113498e+00  0.000000e+00  1.063483e+00 
 8.200000e-02  1.000000e-03  2.236307e+04  1.636284e+03  0.000000e+00  0.000000e+00  0.000000e+00  0.000000e+00  0.000000e+00  7.335088e+00  0.000000e+00  1.079846e+00 
 8.300000e-02  1.000000e-03  2.277340e+04  1.641250e+03  0.000000e+00  0.000000e+00  0.000000e+00  0.000000e+00  0.000000e+00  7.560768e+00  0.000000e+00  1.096258e+00 
 8.400000e-02  1.000000e-03  2.318620e+04  1.646172e+03  0.000000e+00  0.000000e+00  0.000000e+00  0.000000e+00  0.000000e+00  7.790564e+00  0.000000e+00  1.112720e+00 
 8.500000e-02  1.000000e-03  2.360147e+04  1.651049e+03  0.000000e+00  0.000000e+00  0.000000e+00  0.000000e+00  0.000000e+00  8.024500e+00  0.000000e+00  1.129230e+00 
 8.600000e-02  1.000000e-03  2.401919e+04  1.655884e+03  0.000000e+00  0.000000e+00  0.000000e+00  0.000000e+00  0.000000e+00  8.262602e+00  0.000000e+00  1.145789e+00 
 8.700000e-02  1.000000e-03  2.443935e+04  1.660677e+03  0.000000e+00  0.000000e+00  0.000000e+00  0.000000e+00  0.000000e+00  8.504892e+00  0.000000e+00  1.162396e+00 
 8.800000e-02  1.000000e-03  2.486192e+04  1.665428e+03  0.000000e+00  0.000000e+00  0.000000e+00  0.000000e+00  0.000000e+00  8.751397e+00  0.000000e+00  1.179050e+00 
 8.900000e-02  1.000000e-03  2.528691e+04  1.670140e+03  0.000000e+00  0.000000e+00  0.000000e+00  0.000000e+00  0.000000e+00  9.002139e+00  0.000000e+00  1.195752e+00 
 9.000000e-02  1.000000e-03  2.571429e+04  1.674811e+03  0.000000e+00  0.000000e+00  0.000000e+00  0.000000e+00  0.000000e+00  9.257143e+00  0.000000e+00  1.212500e+00 
 9.100000e-02  1.000000e-03  2.614405e+04  1.679444e+03  0.000000e+00  0.000000e+00  0.000000e+00  0.000000e+00  0.000000e+00  9.516433e+00  0.000000e+00  1.229294e+00 
 9.200000e-02  1.000000e-03  2.657617e+04  1.684039e+03  0.000000e+00  0.000000e+00  0.000000e+00  0.000000e+00  0.000000e+00  9.780032e+00  0.000000e+00  1.246135e+00 
 9.300000e-02  1.000000e-03  2.701066e+04  1.688597e+03  0.000000e+00  0.000000e+00  0.000000e+00  0.000000e+00  0.000000e+00  1.004796e+01  0.000000e+00  1.263021e+00 
 9.400000e-02  1.000000e-03  2.744748e+04  1.693118e+03  0.000000e+00  0.000000e+00  0.000000e+00  0.000000e+00  0.000000e+00  1.032025e+01  0.000000e+00  1.279952e+00 
 9.500000e-02  1.000000e-03  2.788663e+04  1.697603e+03  0.000000e+00  0.000000e+00  0.000000e+00  0.000000e+00  0.000000e+00  1.059692e+01  0.000000e+00  1.296928e+00 
 9.600000e-02  1.000000e-03  2.832811e+04  1.702053e+03  0.000000e+00  0.000000e+00  0.000000e+00  0.000000e+00  0.000000e+00  1.087799e+01  0.000000e+00  1.313948e+00 
 9.700000e-02  1.000000e-03  2.877188e+04  1.706468e+03  0.000000e+00  0.000000e+00  0.000000e+00  0.000000e+00  0.000000e+00  1.116349e+01  0.000000e+00  1.331013e+00 
 9.800000e-02  1.000000e-03  2.921795e+04  1.710850e+03  0.000000e+00  0.000000e+00  0.000000e+00  0.000000e+00  0.000000e+00  1.145344e+01  0.000000e+00  1.348121e+00 
 9.900000e-02  1.000000e-03  2.966631e+04  1.715197e+03  0.000000e+00  0.000000e+00  0.000000e+00  0.000000e+00  0.000000e+00  1.174786e+01  0.000000e+00  1.365273e+00 
 1.000000e-01  1.000000e-03  3.011693e+04  1.719512e+03  0.000000e+00  0.000000e+00  0.000000e+00  0.000000e+00  0.000000e+00  1.204677e+01  0.000000e+00  1.382469e+00 
 1.010000e-01  1.000000e-03  3.011693e+04  0.000000e+00  1.167014e+02  0.000000e+00  0.000000e+00  1.167014e+02  4.894857e+02  1.204696e+01  0.000000e+00  1.384004e+00 
 1.020000e-01  1.000000e-03  3.011693e+04  0.000000e+00  2.334029e+02  0.000000e+00  0.000000e+00  2.334029e+02  4.894857e+02  1.204750e+01  0.000000e+00  1.385539e+00 
 1.030000e-01  1.000000e-03  3.011693e+04  0.000000e+00  3.501043e+02  0.000000e+00  0.000000e+00  3.501043e+02  4.894857e+02  1.204842e+01  0.000000e+00  1.387075e+00 
 1.040000e-01  1.000000e-03  3.011693e+04  0.000000e+00  4.668058e+02  0.000000e+00  0.000000e+00  4.668058e+02  4.894857e+02  1.204970e+01  0.000000e+00  1.388610e+00 
 1.050000e-01  1.000000e-03  3.011693e+04  0.000000e+00  5.835072e+02  0.000000e+00  0.000000e+00  5.835072e+02  4.894857e+02  1.205135e+01  0.000000e+00  1.390146e+00 
 1.060000e-01  1.000000e-03  3.011693e+04  0.000000e+00  7.002086e+02  0.000000e+00  0.000000e+00  7.002086e+02  4.894857e+02  1.205336e+01  0.000000e+00  1.391681e+00 
 1.070000e-01  1.000000e-03  3.011693e+04  0.000000e+00  8.169101e+02  0.000000e+00  0.000000e+00  8.169101e+02  4.894857e+02  1.205574e+01  0.000000e+00  1.393217e+00 
 1.080000e-01  1.000000e-03  3.011693e+04  0.000000e+00  9.336115e+02  0.000000e+00  0.000000e+00  9.336115e+02  4.894857e+02  1.205849e+01  0.000000e+00  1.394752e+00 
 1.090000e-01  1.000000e-03  3.011693e+04  0.000000e+00  1.050313e+03  0.000000e+00  0.000000e+00  1.050313e+03  4.894857e+02  1.206160e+01  0.000000e+00  1.396288e+00 
 1.100000e-01  1.000000e-03  3.011693e+04  0.000000e+00  1.167014e+03  0.000000e+00  0.000000e+00  1.167014e+03  4.894857e+02  1.206508e+01  0.000000e+00  1.397823e+00 
 1.110000e-01  1.000000e-03  3.011693e+04  0.000000e+00  1.283716e+03  0.000000e+00  0.000000e+00  1.283716e+03  4.894857e+02  1.206892e+01  0.000000e+00  1.399358e+00 
 1.120000e-01  1.000000e-03  3.011693e+04  0.000000e+00  1.400417e+03  0.000000e+00  0.000000e+00  1.400417e+03  4.894857e+02  1.207313e+01  0.000000e+00  1.400894e+00 
 1.130000e-01  1.000000e-03  3.011693e+04  0.000000e+00  1.517119e+03  0.000000e+00  0.000000e+00  1.517119e+03  4.894857e+02  1.207771e+01  0.000000e+00  1.402429e+00 
 1.140000e-01  1.000000e-03  3.011693e+04  0.000000e+00  1.633820e+03  0.000000e+00  0.000000e+00  1.633820e+03  4.894857e+02  1.208265e+01  0.000000e+00  1.403965e+00 
 1.150000e-01  1.000000e-03  3.011693e+04  0.000000e+00  1.750522e+03  0.000000e+00  0.000000e+00  1.750522e+03  4.894857e+02  1.208796e+01  0.000000e+00  1.405500e+00 
 1.160000e-01  1.000000e-03  3.011693e+04  0.000000e+00  1.867223e+03  0.000000e+00  0.000000e+00  1.867223e+03  4.894857e+02  1.209363e+01  0.000000e+00  1.407036e+00 
 1.170000e-01  1.000000e-03  3.011693e+04  0.000000e+00  1.983924e+03  0.000000e+00  0.000000e+00  1.983924e+03  4.894857e+02  1.209967e+01  0.000000e+00  1.408571e+00 
 1.180000e-01  1.000000e-03  3.011693e+04  0.000000e+00  2.100626e+03  0.000000e+00  0.000000e+00  2.100626e+03  4.894857e+02  1.210608e+01  0.000000e+00  1.410107e+00 
 1.190000e-01  1.000000e-03  3.011693e+04  0.000000e+00  2.217327e+03  0.000000e+00  0.000000e+00  2.217327e+03  4.894857e+02  1.211285e+01  0.000000e+00  1.411642e+00 
 1.200000e-01  1.000000e-03  3.011693e+04  0.000000e+00  2.334029e+03  0.000000e+00  0.000000e+00  2.334029e+03  4.894857e+02  1.211999e+01  0.000000e+00  1.413178e+00 
 1.210000e-01  1.000000e-03  3.011693e+04  0.000000e+00  2.450730e+03  0.000000e+00  0.000000e+00  2.450730e+03  4.894857e+02  1.212749e+01  0.000000e+00  1.414713e+00 
 1.220000e-01  1.000000e-03  3.011693e+04  0.000000e+00  2.567432e+03  0.000000e+00  0.000000e+00  2.567432e+03  4.894857e+02  1.213536e+01  0.000000e+00  1.416248e+00 
 1.230000e-01  1.000000e-03  3.011693e+04  0.000000e+00  2.684133e+03  0.000000e+00  0.000000e+00  2.684133e+03  4.894857e+02  1.214360e+01  0.000000e+00  1.417784e+00 
 1.240000e-01  1.000000e-03  3.011693e+04  0.000000e+00  2.800835e+03  0.000000e+00  0.000000e+00  2.800835e+03  4.894857e+02  1.215220e+01  0.000000e+00  1.419319e+00 
 1.250000e-01  1.000000e-03  3.011693e+04  0.000000e+00  2.917536e+03  0.000000e+00  0.000000e+00  2.917536e+03  4.894857e+02  1.216117e+01  0.000000e+00  1.420855e+00 
 1.260000e-01  1.000000e-03  3.011693e+04  0.000000e+00  3.034237e+03  0.000000e+00  0.000000e+00  3.034237e+03  4.894857e+02  1.217051e+01  0.000000e+00  1.422390e+00 
 1.270000e-01  1.000000e-03  3.011693e+04  0.000000e+00  3.150939e+03  0.000000e+00  0.000000e+00  3.150939e+03  4.894857e+02  1.218021e+01  0.000000e+00  1.423926e+00 
 1.280000e-01  1.000000e-03  3.011693e+04  0.000000e+00  3.267640e+03  0.000000e+00  0.000000e+00  3.267640e+03  4.894857e+02  1.219027e+01  0.000000e+00  1.425461e+00 
 1.290000e-01  1.000000e-03  3.011693e+04  0.000000e+00  3.384342e+03  0.000000e+00  0.000000e+00  3.384342e+03  4.894857e+02  1.220071e+01  0.000000e+00  1.426997e+00 
 1.300000e-01  1.000000e-03  3.011693e+04  0.000000e+00  3.501043e+03  0.000000e+00  0.000000e+00  3.501043e+03  4.894857e+02  1.221151e+01  0.000000e+00  1.428532e+00 
 1.310000e-01  1.000000e-03  3.011693e+04  0.000000e+00  3.617745e+03  0.000000e+00  0.000000e+00  3.617745e+03  4.894857e+02  1.222267e+01  0.000000e+00  1.430067e+00 
 1.320000e-01  1.000000e-03  3.011693e+04  0.000000e+00  3.734446e+03  0.000000e+00  0.000000e+00  3.734446e+03  4.894857e+02  1.223420e+01  0.000000e+00  1.431603e+00 
 1.330000e-01  1.000000e-03  3.011693e+04  0.000000e+00  3.851147e+03  0.000000e+00  0.000000e+00  3.851147e+03  4.894857e+02  1.224610e+01  0.000000e+00  1.433138e+00 
 1.340000e-01  1.000000e-03  3.011693e+04  0.000000e+00  3.967849e+03  0.000000e+00  0.000000e+00  3.967849e+03  4.894857e+02  1.225836e+01  0.000000e+00  1.434674e+00 
 1.350000e-01  1.000000e-03  3.011693e+04  0.000000e+00  4.084550e+03  0.000000e+00  0.000000e+00  4.084550e+03  4.894857e+02  1.227099e+01  0.000000e+00  1.436209e+00 
 1.360000e-01  1.000000e-03  3.011693e+04  0.000000e+00  4.201252e+03  0.000000e+00  0.000000e+00  4.201252e+03  4.894857e+02  1.228399e+01  0.000000e+00  1.437745e+00 
 1.370000e-01  1.000000e-03  3.011693e+04  0.000000e+00  4.317953e+03  0.000000e+00  0.000000e+00  4.317953e+03  4.894857e+02  1.229735e+01  0.000000e+00  1.439280e+00 
 1.380000e-01  1.000000e-03  3.011693e+04  0.000000e+00  4.434655e+03  0.000000e+00  0.000000e+00  4.434655e+03  4.894857e+02  1.231108e+01  0.000000e+00  1.440816e+00 
 1.390000e-01  1.000000e-03  3.011693e+04  0.000000e+00  4.551356e+03  0.000000e+00  0.000000e+00  4.551356e+03  4.894857e+02  1.232517e+01  0.000000e+00  1.442351e+00 
 1.400000e-01  1.000000e-03  3.011693e+04  0.000000e+00  4.668058e+03  0.000000e+00  0.000000e+00  4.668058e+03  4.894857e+02  1.233963e+01  0.000000e+00  1.443886e+00 
 1.410000e-01  1.000000e-03  3.011693e+04  0.000000e+00  4.784759e+03  0.000000e+00  0.000000e+00  4.784759e+03  4.894857e+02  1.235446e+01  0.000000e+00  1.445422e+00 
 1.420000e-01  1.000000e-03  3.011693e+04  0.000000e+00  4.901460e+03  0.000000e+00  0.000000e+00  4.901460e+03  4.894857e+02  1.236965e+01  0.000000e+00  1.446957e+00 
 1.430000e-01  1.000000e-03  3.011693e+04  0.000000e+00  5.018162e+03  0.000000e+00  0.000000e+00  5.018162e+03  4.894857e+02  1.238521e+01  0.000000e+00  1.448493e+00 
 1.440000e-01  1.000000e-03  3.011693e+04  0.000000e+00  5.134863e+03  0.000000e+00  0.000000e+00  5.134863e+03  4.894857e+02  1.240113e+01  0.000000e+00  1.450028e+00 
 1.450000e-01  1.000000e-03  3.011693e+04  0.000000e+00  5.251565e+03  0.000000e+00  0.000000e+00  5.251565e+03  4.894857e+02  1.241742e+01  0.000000e+00  1.451564e+00 
 1.460000e-01  1.000000e-03  3.011693e+04  0.000000e+00  5.368266e+03  0.000000e+00  0.000000e+00  5.368266e+03  4.894857e+02  1.243408e+01  0.000000e+00  1.453099e+00 
 1.470000e-01  1.000000e-03  3.011693e+04  0.000000e+00  5.484968e+03  0.000000e+00  0.000000e+00  5.484968e+03  4.894857e+02  1.245110e+01  0.000000e+00  1.454635e+00 
 1.480000e-01  1.000000e-03  3.011693e+04  0.000000e+00  5.601669e+03  0.000000e+00  0.000000e+00  5.601669e+03  4.894857e+02  1.246849e+01  0.000000e+00  1.456170e+00 
 1.490000e-01  1.000000e-03  3.011693e+04  0.000000e+00  5.718371e+03  0.000000e+00  0.000000e+00  5.718371e+03  4.894857e+02  1.248625e+01  0.000000e+00  1.457705e+00 
 1.500000e-01  1.000000e-03  3.011693e+04  0.000000e+00  5.835072e+03  0.000000e+00  0.000000e+00  5.835072e+03  4.894857e+02  1.250437e+01  0.000000e+00  1.459241e+00 
 1.510000e-01  1.000000e-03  3.011693e+04  0.000000e+00  5.835072e+03  0.000000e+00 -1.167014e+02  5.836239e+03  0.000000e+00  1.250455e+01  0.000000e+00  1.460776e+00 
 1.520000e-01  1.000000e-03  3.011693e+04  0.000000e+00  5.835072e+03  0.000000e+00 -2.334029e+02  5.839738e+03  0.000000e+00  1.250510e+01  0.000000e+00  1.462312e+00 
 1.530000e-01  1.000000e-03  3.011693e+04  0.000000e+00  5.835072e+03  0.000000e+00 -3.501043e+02  5.845566e+03  0.000000e+00  1.250601e+01  0.000000e+00  1.463847e+00 
 1.540000e-01  1.000000e-03  3.011693e+04  0.000000e+00  5.835072e+03  0.000000e+00 -4.668058e+02  5.853714e+03  0.000000e+00  1.250730e+01  0.000000e+00  1.465383e+00 
 1.550000e-01  1.000000e-03  3.011693e+04  0.000000e+00  5.835072e+03  0.000000e+00 -5.835072e+02  5.864175e+03  0.000000e+00  1.250894e+01  0.000000e+00  1.466918e+00 
 1.560000e-01  1.000000e-03  3.011693e+04  0.000000e+00  5.835072e+03  0.000000e+00 -7.002086e+02  5.876934e+03  0.000000e+00  1.251096e+01  0.000000e+00  1.468454e+00 
 1.570000e-01  1.000000e-03  3.011693e+04  0.000000e+00  5.835072e+03  0.000000e+00 -8.169101e+02  5.891978e+03  0.000000e+00  1.251334e+01  0.000000e+00  1.469989e+00 
 1.580000e-01  1.000000e-03  3.011693e+04  0.000000e+00  5.835072e+03  0.000000e+00 -9.336115e+02  5.909289e+03  0.000000e+00  1.251608e+01  0.000000e+00  1.471525e+00 
 1.590000e-01  1.000000e-03  3.011693e+04  0.000000e+00  5.835072e+03  0.000000e+00 -1.050313e+03  5.928847e+03  0.000000e+00  1.251919e+01  0.000000e+00  1.473060e+00 
 1.600000e-01  1.000000e-03  3.011693e+04  0.000000e+00  5.835072e+03  0.000000e+00 -1.167014e+03  5.950629e+03  0.000000e+00  1.252267e+01  0.000000e+00  1.474595e+00 
 1.610000e-01  1.000000e-03  3.011693e+04  0.000000e+00  5.835072e+03  0.000000e+00 -1.283716e+03  5.974612e+03  0.000000e+00  1.252651e+01  0.000000e+00  1.476131e+00 
 1.620000e-01  1.000000e-03  3.011693e+04  0.000000e+00  5.835072e+03  0.000000e+00 -1.400417e+03  6.000769e+03  0.000000e+00  1.253072e+01  0.000000e+00  1.477666e+00 
 1.630000e-01  1.000000e-03  3.011693e+04  0.000000e+00  5.835072e+03  0.000000e+00 -1.517119e+03  6.029072e+03  0.000000e+00  1.253530e+01  0.000000e+00  1.479202e+00 
 1.640000e-01  1.000000e-03  3.011693e+04  0.000000e+00  5.835072e+03  0.000000e+00 -1.633820e+03  6.059491e+03  0.000000e+00  1.254024e+01  0.000000e+00  1.480737e+00 
 1.650000e-01  1.000000e-03  3.011693e+04  0.000000e+00  5.835072e+03  0.000000e+00 -1.750522e+03  6.091994e+03  0.000000e+00  1.254555e+01  0.000000e+00  1.482273e+00 
 1.660000e-01  1.000000e-03  3.011693e+04  0.000000e+00  5.835072e+03  0.000000e+00 -1.867223e+03  6.126548e+03  0.000000e+00  1.255122e+01  0.000000e+00  1.483808e+00 
 1.670000e-01  1.000000e-03  3.011693e+04  0.000000e+00  5.835072e+03  0.000000e+00 -1.983924e+03  6.163118e+03  0.000000e+00  1.255727e+01  0.000000e+00  1.485344e+00 
 1.680000e-01  1.000000e-03  3.011693e+04  0.000000e+00  5.835072e+03  0.000000e+00 -2.100626e+03  6.201669e+03  0.000000e+00  1.256367e+01  0.000000e+00  1.486879e+00 
 1.690000e-01  1.000000e-03  3.011693e+04  0.000000e+00  5.835072e+03  0.000000e+00 -2.217327e+03  6.242163e+03  0.000000e+00  1.257044e+01  0.000000e+00  1.488414e+00 
 1.700000e-01  1.000000e-03  3.011693e+04  0.000000e+00  5.835072e+03  0.000000e+00 -2.334029e+03  6.284565e+03  0.000000e+00  1.257758e+01  0.000000e+00  1.489950e+00 
 1.710000e-01  1.000000e-03  3.011693e+04  0.000000e+00  5.835072e+03  0.000000e+00 -2.450730e+03  6.328834e+03  0.000000e+00  1.258509e+01  0.000000e+00  1.491485e+00 
 1.720000e-01  1.000000e-03  3.011693e+04  0.000000e+00  5.835072e+03  0.000000e+00 -2.567432e+03  6.374933e+03  0.000000e+00  1.259296e+01  0.000000e+00  1.493021e+00 
 1.730000e-01  1.000000e-03  3.011693e+04  0.000000e+00  5.835072e+03  0.000000e+00 -2.684133e+03  6.422821e+03  0.000000e+00  1.260119e+01  0.000000e+00  1.494556e+00 
 1.740000e-01  1.000000e-03  3.011693e+04  0.000000e+00  5.835072e+03  0.000000e+00 -2.800835e+03  6.472460e+03  0.000000e+00  1.260980e+01  0.000000e+00  1.496092e+00 
 1.750000e-01  1.000000e-03  3.011693e+04  0.000000e+00  5.835072e+03  0.000000e+00 -2.917536e+03  6.523809e+03  0.000000e+00  1.261877e+01  0.000000e+00  1.497627e+00 
 1.760000e-01  1.000000e-03  3.011693e+04  0.000000e+00  5.835072e+03  0.000000e+00 -3.034237e+03  6.576828e+03  0.000000e+00  1.262810e+01  0.000000e+00  1.499163e+00 
 1.770000e-01  1.000000e-03  3.011693e+04  0.000000e+00  5.835072e+03  0.000000e+00 -3.150939e+03  6.631476e+03  0.000000e+00  1.263780e+01  0.000000e+00  1.500698e+00 
 1.780000e-01  1.000000e-03  3.011693e+04  0.000000e+00  5.835072e+03  0.000000e+00 -3.267640e+03  6.687715e+03  0.000000e+00  1.264787e+01  0.000000e+00  1.502233e+00 
 1.790000e-01  1.000000e-03  3.011693e+04  0.000000e+00  5.835072e+03  0.000000e+00 -3.384342e+03  6.745505e+03  0.000000e+00  1.265830e+01  0.000000e+00  1.503769e+00 
 1.800000e-01  1.000000e-03  3.011693e+04  0.000000e+00  5.835072e+03  0.000000e+00 -3.501043e+03  6.804805e+03  0.000000e+00  1.266910e+01  0.000000e+00  1.505304e+00 
 1.810000e-01  1.000000e-03  3.011693e+04  0.000000e+00  5.835072e+03  0.000000e+00 -3.617745e+03  6.865576e+03  0.000000e+00  1.268027e+01  0.000000e+00  1.506840e+00 
 1.820000e-01  1.000000e-03  3.011693e+04  0.000000e+00  5.835072e+03  0.000000e+00 -3.734446e+03  6.927781e+03  0.000000e+00  1.269180e+01  0.000000e+00  1.508375e+00 
 1.830000e-01  1.000000e-03  3.011693e+04  0.000000e+00  5.835072e+03  0.000000e+00 -3.851147e+03  6.991381e+03  0.000000e+00  1.270370e+01  0.000000e+00  1.509911e+00 
 1.840000e-01  1.000000e-03  3.011693e+04  0.000000e+00  5.835072e+03  0.000000e+00 -3.967849e+03  7.056337e+03  0.000000e+00  1.271596e+01  0.000000e+00  1.511446e+00 
 1.850000e-01  1.000000e-03  3.011693e+04  0.000000e+00  5.835072e+03  0.000000e+00 -4.084550e+03  7.122613e+03  0.000000e+00  1.272859e+01  0.000000e+00  1.512982e+00 
 1.860000e-01  1.000000e-03  3.011693e+04  0.000000e+00  5.835072e+03  0.000000e+00 -4.201252e+03  7.190173e+03  0.000000e+00  1.274158e+01  0.000000e+00  1.514517e+00 
 1.870000e-01  1.000000e-03  3.011693e+04  0.000000e+00  5.835072e+03  0.000000e+00 -4.317953e+03  7.258980e+03  0.000000e+00  1.275495e+01  0.000000e+00  1.516053e+00 
 1.880000e-01  1.000000e-03  3.011693e+04  0.000000e+00  5.835072e+03  0.000000e+00 -4.434655e+03  7.328999e+03  0.000000e+00  1.276867e+01  0.000000e+00  1.517588e+00 
 1.890000e-01  1.000000e-03  3.011693e+04  0.000000e+00  5.835072e+03  0.000000e+00 -4.551356e+03  7.400196e+03  0.000000e+00  1.278277e+01  0.000000e+00  1.519123e+00 
 1.900000e-01  1.000000e-03  3.011693e+04  0.000000e+00  5.835072e+03  0.000000e+00 -4.668058e+03  7.472538e+03  0.000000e+00  1.279723e+01  0.000000e+00  1.520659e+00 
 1.910000e-01  1.000000e-03  3.011693e+04  0.000000e+00  5.835072e+03  0.000000e+00 -4.784759e+03  7.545991e+03  0.000000e+00  1.281205e+01  0.000000e+00  1.522194e+00 
 1.920000e-01  1.000000e-03  3.011693e+04  0.000000e+00  5.835072e+03  0.000000e+00 -4.901460e+03  7.620524e+03  0.000000e+00  1.282725e+01  0.000000e+00  1.523730e+00 
 1.930000e-01  1.000000e-03  3.011693e+04  0.000000e+00  5.835072e+03  0.000000e+00 -5.018162e+03  7.696104e+03  0.000000e+00  1.284280e+01  0.000000e+00  1.525265e+00 
 1.940000e-01  1.000000e-03  3.011693e+04  0.000000e+00  5.835072e+03  0.000000e+00 -5.134863e+03  7.772701e+03  0.000000e+00  1.285873e+01  0.000000e+00  1.526801e+00 
 1.950000e-01  1.000000e-03  3.011693e+04  0.000000e+00  5.835072e+03  0.000000e+00 -5.251565e+03  7.850286e+03  0.000000e+00  1.287502e+01  0.000000e+00  1.528336e+00 
 1.960000e-01  1.000000e-03  3.011693e+04  0.000000e+00  5.835072e+03  0.000000e+00 -5.368266e+03  7.928830e+03  0.000000e+00  1.289168e+01  0.000000e+00  1.529872e+00 
 1.970000e-01  1.000000e-03  3.011693e+04  0.000000e+00  5.835072e+03  0.000000e+00 -5.484968e+03  8.008304e+03  0.000000e+00  1.290870e+01  0.000000e+00  1.531407e+00 
 1.980000e-01  1.000000e-03  3.011693e+04  0.000000e+00  5.835072e+03  0.000000e+00 -5.601669e+03  8.088681e+03  0.000000e+00  1.292609e+01  0.000000e+00  1.532942e+00 
 1.990000e-01  1.000000e-03  3.011693e+04  0.000000e+00  5.835072e+03  0.000000e+00 -5.718371e+03  8.169934e+03  0.000000e+00  1.294384e+01  0.000000e+00  1.534478e+00 
 2.000000e-01  1.000000e-03  3.011693e+04  0.000000e+00  5.835072e+03  0.000000e+00 -5.835072e+03  8.252038e+03  0.000000e+00  1.296196e+01  0.000000e+00  1.536013e+00 
 2.010000e-01  1.000000e-03  3.011693e+04  0.000000e+00  5.816721e+03  0.000000e+00 -5.853365e+03  8.252038e+03  0.000000e+00  1.296196e+01  0.000000e+00  1.536013e+00 
 2.020000e-01  1.000000e-03  3.011693e+04  0.000000e+00  5.798313e+03  0.000000e+00 -5.871601e+03  8.252038e+03  0.000000e+00  1.296196e+01  0.000000e+00  1.536013e+00 
 2.030000e-01  1.000000e-03  3.011693e+04  0.000000e+00  5.779848e+03  0.000000e+00 -5.889778e+03  8.252038e+03  0.000000e+00  1.296196e+01  0.000000e+00  1.536013e+00 
 2.040000e-01  1.000000e-03  3.011693e+04  0.000000e+00  5.761325e+03  0.000000e+00 -5.907898e+03  8.252038e+03  0.000000e+00  1.296196e+01  0.000000e+00  1.536013e+00 
 2.050000e-01  1.000000e-03  3.011693e+04  0.000000e+00  5.742746e+03  0.000000e+00 -5.925959e+03  8.252038e+03  0.000000e+00  1.296196e+01  0.000000e+00  1.536013e+00 
 2.060000e-01  1.000000e-03  3.011693e+04  0.000000e+00  5.724111e+03  0.000000e+00 -5.943962e+03  8.252038e+03  0.000000e+00  1.296196e+01  0.000000e+00  1.536013e+00 
 2.070000e-01  1.000000e-03  3.011693e+04  0.000000e+00  5.705418e+03  0.000000e+00 -5.961907e+03  8.252038e+03  0.000000e+00  1.296196e+01  0.000000e+00  1.536013e+00 
 2.080000e-01  1.000000e-03  3.011693e+04  0.000000e+00  5.686670e+03  0.000000e+00 -5.979792e+03  8.252038e+03  0.000000e+00  1.296196e+01  0.000000e+00  1.536013e+00 
 2.090000e-01  1.000000e-03  3.011693e+04  0.000000e+00  5.667865e+03  0.000000e+00 -5.997619e+03  8.252038e+03  0.000000e+00  1.296196e+01  0.000000e+00  1.536013e+00 
 2.100000e-01  1.000000e-03  3.011693e+04  0.000000e+00  5.649005e+03  0.000000e+00 -6.015386e+03  8.252038e+03  0.000000e+00  1.296196e+01  0.000000e+00  1.536013e+00 
 2.110000e-01  1.000000e-03  3.011693e+04  0.000000e+00  5.630089e+03  0.000000e+00 -6.033094e+03  8.252038e+03  0.000000e+00  1.296196e+01  0.000000e+00  1.536013e+00 
 2.120000e-01  1.000000e-03  3.011693e+04  0.000000e+00  5.611117e+03  0.000000e+00 -6.050743e+03  8.252038e+03  0.000000e+00  1.296196e+01  0.000000e+00  1.536013e+00 
 2.130000e-01  1.000000e-03  3.011693e+04  0.000000e+00  5.592091e+03  0.000000e+00 -6.068332e+03  8.252038e+03  0.000000e+00  1.296196e+01  0.000000e+00  1.536013e+00 
 2.140000e-01  1.000000e-03  3.011693e+04  0.000000e+00  5.573008e+03  0.000000e+00 -6.085861e+03  8.252038e+03  0.000000e+00  1.296196e+01  0.000000e+00  1.536013e+00 
 2.150000e-01  1.000000e-03  3.011693e+04  0.000000e+00  5.553872e+03  0.000000e+00 -6.103330e+03  8.252038e+03  0.000000e+00  1.296196e+01  0.000000e+00  1.536013e+00 
 2.160000e-01  1.000000e-03  3.011693e+04  0.000000e+00  5.534680e+03  0.000000e+00 -6.120739e+03  8.252038e+03  0.000000e+00  1.296196e+01  0.000000e+00  1.536013e+00 
 2.170000e-01  1.000000e-03  3.011693e+04  0.000000e+00  5.515433e+03  0.000000e+00 -6.138088e+03  8.252038e+03  0.000000e+00  1.296196e+01  0.000000e+00  1.536013e+00 
 2.180000e-01  1.000000e-03  3.011693e+04  0.000000e+00  5.496133e+03  0.000000e+00 -6.155376e+03  8.252038e+03  0.000000e+00  1.296196e+01  0.000000e+00  1.536013e+00 
 2.190000e-01  1.000000e-03  3.011693e+04  0.000000e+00  5.476778e+03  0.000000e+00 -6.172603e+03  8.252038e+03  0.000000e+00  1.296196e+01  0.000000e+00  1.536013e+00 
 2.200000e-01  1.000000e-03  3.011693e+04  0.000000e+00  5.457369e+03  0.000000e+00 -6.189770e+03  8.252038e+03  0.000000e+00  1.296196e+01  0.000000e+00  1.536013e+00 
 2.210000e-01  1.000000e-03  3.011693e+04  0.000000e+00  5.437906e+03  0.000000e+00 -6.206876e+03  8.252038e+03  0.000000e+00  1.296196e+01  0.000000e+00  1.536013e+00 
 2.220000e-01  1.000000e-03  3.011693e+04  0.000000e+00  5.418390e+03  0.000000e+00 -6.223920e+03  8.252038e+03  0.000000e+00  1.296196e+01  0.000000e+00  1.536013e+00 
 2.230000e-01  1.000000e-03  3.011693e+04  0.000000e+00  5.398820e+03  0.000000e+00 -6.240903e+03  8.252038e+03  0.000000e+00  1.296196e+01  0.000000e+00  1.536013e+00 
 2.240000e-01  1.000000e-03  3.011693e+04  0.000000e+00  5.379197e+03  0.000000e+00 -6.257824e+03  8.252038e+03  0.000000e+00  1.296196e+01  0.000000e+00  1.536013e+00 
 2.250000e-01  1.000000e-03  3.011693e+04  0.000000e+00  5.359521e+03  0.000000e+00 -6.274684e+03  8.252038e+03  0.000000e+00  1.296196e+01  0.000000e+00  1.536013e+00 
 2.260000e-01  1.000000e-03  3.011693e+04  0.000000e+00  5.339793e+03  0.000000e+00 -6.291482e+03  8.252038e+03  0.000000e+00  1.296196e+01  0.000000e+00  1.536013e+00 
 2.270000e-01  1.000000e-03  3.011693e+04  0.000000e+00  5.320011e+03  0.000000e+00 -6.308218e+03  8.252038e+03  0.000000e+00  1.296196e+01  0.000000e+00  1.536013e+00 
 2.280000e-01  1.000000e-03  3.011693e+04  0.000000e+00  5.300177e+03  0.000000e+00 -6.324891e+03  8.252038e+03  0.000000e+00  1.296196e+01  0.000000e+00  1.536013e+00 
 2.290000e-01  1.000000e-03  3.011693e+04  0.000000e+00  5.280291e+03  0.000000e+00 -6.341503e+03  8.252038e+03  0.000000e+00  1.296196e+01  0.000000e+00  1.536013e+00 
 2.300000e-01  1.000000e-03  3.011693e+04  0.000000e+00  5.260353e+03  0.000000e+00 -6.358052e+03  8.252038e+03  0.000000e+00  1.296196e+01  0.000000e+00  1.536013e+00 
 2.310000e-01  1.000000e-03  3.011693e+04  0.000000e+00  5.240363e+03  0.000000e+00 -6.374538e+03  8.252038e+03  0.000000e+00  1.296196e+01  0.000000e+00  1.536013e+00 
 2.320000e-01  1.000000e-03  3.011693e+04  0.000000e+00  5.220321e+03  0.000000e+00 -6.390961e+03  8.252038e+03  0.000000e+00  1.296196e+01  0.000000e+00  1.536013e+00 
 2.330000e-01  1.000000e-03  3.011693e+04  0.000000e+00  5.200228e+03  0.000000e+00 -6.407321e+03  8.252038e+03  0.000000e+00  1.296196e+01  0.000000e+00  1.536013e+00 
 2.340000e-01  1.000000e-03  3.011693e+04  0.000000e+00  5.180083e+03  0.000000e+00 -6.423618e+03  8.252038e+03  0.000000e+00  1.296196e+01  0.000000e+00  1.536013e+00 
 2.350000e-01  1.000000e-03  3.011693e+04  0.000000e+00  5.159887e+03  0.000000e+00 -6.439852e+03  8.252038e+03  0.000000e+00  1.296196e+01  0.000000e+00  1.536013e+00 
 2.360000e-01  1.000000e-03  3.011693e+04  0.000000e+00  5.139641e+03  0.000000e+00 -6.456022e+03  8.252038e+03  0.000000e+00  1.296196e+01  0.000000e+00  1.536013e+00 
 2.370000e-01  1.000000e-03  3.011693e+04  0.000000e+00  5.119344e+03  0.000000e+00 -6.472129e+03  8.252038e+03  0.000000e+00  1.296196e+01  0.000000e+00  1.536013e+00 
 2.380000e-01  1.000000e-03  3.011693e+04  0.000000e+00  5.098996e+03  0.000000e+00 -6.488171e+03  8.252038e+03  0.000000e+00  1.296196e+01  0.000000e+00  1.536013e+00 
 2.390000e-01  1.000000e-03  3.011693e+04  0.000000e+00  5.078598e+03  0.000000e+00 -6.504150e+03  8.252038e+03  0.000000e+00  1.296196e+01  0.000000e+00  1.536013e+00 
 2.400000e-01  1.000000e-03  3.011693e+04  0.000000e+00  5.058150e+03  0.000000e+00 -6.520065e+03  8.252038e+03  0.000000e+00  1.296196e+01  0.000000e+00  1.536013e+00 
 2.410000e-01  1.000000e-03  3.011693e+04  0.000000e+00  5.037652e+03  0.000000e+00 -6.535915e+03  8.252038e+03  0.000000e+00  1.296196e+01  0.000000e+00  1.536013e+00 
 2.420000e-01  1.000000e-03  3.011693e+04  0.000000e+00  5.017105e+03  0.000000e+00 -6.551701e+03  8.252038e+03  0.000000e+00  1.296196e+01  0.000000e+00  1.536013e+00 
 2.430000e-01  1.000000e-03  3.011693e+04  0.000000e+00  4.996508e+03  0.000000e+00 -6.567422e+03  8.252038e+03  0.000000e+00  1.296196e+01  0.000000e+00  1.536013e+00 
 2.440000e-01  1.000000e-03  3.011693e+04  0.000000e+00  4.975862e+03  0.000000e+00 -6.583079e+03  8.252038e+03  0.000000e+00  1.296196e+01  0.000000e+00  1.536013e+00 
 2.450000e-01  1.000000e-03  3.011693e+04  0.000000e+00  4.955166e+03  0.000000e+00 -6.598671e+03  8.252038e+03  0.000000e+00  1.296196e+01  0.000000e+00  1.536013e+00 
 2.460000e-01  1.000000e-03  3.011693e+04  0.000000e+00  4.934422e+03  0.000000e+00 -6.614197e+03  8.252038e+03  0.000000e+00  1.296196e+01  0.000000e+00  1.536013e+00 
 2.470000e-01  1.000000e-03  3.011693e+04  0.000000e+00  4.913629e+03  0.000000e+00 -6.629659e+03  8.252038e+03  0.000000e+00  1.296196e+01  0.000000e+00  1.536013e+00 
 2.480000e-01  1.000000e-03  3.011693e+04  0.000000e+00  4.892788e+03  0.000000e+00 -6.645055e+03  8.252038e+03  0.000000e+00  1.296196e+01  0.000000e+00  1.536013e+00 
 2.490000e-01  1.000000e-03  3.011693e+04  0.000000e+00  4.871899e+03  0.000000e+00 -6.660385e+03  8.252038e+03  0.000000e+00  1.296196e+01  0.000000e+00  1.536013e+00 
 2.500000e-01  1.000000e-03  3.011693e+04  0.000000e+00  4.850961e+03  0.000000e+00 -6.675650e+03  8.252038e+03  0.000000e+00  1.296196e+01  0.000000e+00  1.536013e+00 
 2.510000e-01  1.000000e-03  2.966631e+04 -1.715197e+03  4.826645e+03  0.000000e+00 -6.642188e+03  8.210674e+03  0.000000e+00  1.265846e+01  0.000000e+00  1.553165e+00 
 2.520000e-01  1.000000e-03  2.921795e+04 -1.710850e+03  4.802207e+03  0.000000e+00 -6.608556e+03  8.169101e+03  0.000000e+00  1.235943e+01  0.000000e+00  1.570274e+00 
 2.530000e-01  1.000000e-03  2.877188e+04 -1.706468e+03  4.777643e+03  0.000000e+00 -6.574753e+03  8.127315e+03  0.000000e+00  1.206485e+01  0.000000e+00  1.587338e+00 
 2.540000e-01  1.000000e-03  2.832811e+04 -1.702053e+03  4.752952e+03  0.000000e+00 -6.540775e+03  8.085313e+03  0.000000e+00  1.177469e+01  0.000000e+00  1.604359e+00 
 2.550000e-01  1.000000e-03  2.788663e+04 -1.697603e+03  4.728132e+03  0.000000e+00 -6.506619e+03  8.043092e+03  0.000000e+00  1.148894e+01  0.000000e+00  1.621335e+00 
 2.560000e-01  1.000000e-03  2.744748e+04 -1.693118e+03  4.703181e+03  0.000000e+00 -6.472283e+03  8.000648e+03  0.000000e+00  1.120756e+01  0.000000e+00  1.638266e+00 
 2.570000e-01  1.000000e-03  2.701066e+04 -1.688597e+03  4.678098e+03  0.000000e+00 -6.437764e+03  7.957977e+03  0.000000e+00  1.093054e+01  0.000000e+00  1.655152e+00 
 2.580000e-01  1.000000e-03  2.657617e+04 -1.684039e+03  4.652879e+03  0.000000e+00 -6.403059e+03  7.915077e+03  0.000000e+00  1.065785e+01  0.000000e+00  1.671993e+00 
 2.590000e-01  1.000000e-03  2.614405e+04 -1.679444e+03  4.627522e+03  0.000000e+00 -6.368164e+03  7.871942e+03  0.000000e+00  1.038947e+01  0.000000e+00  1.688787e+00 
 2.600000e-01  1.000000e-03  2.571429e+04 -1.674811e+03  4.602026e+03  0.000000e+00 -6.333078e+03  7.828571e+03  0.000000e+00  1.012537e+01  0.000000e+00  1.705535e+00 
 2.610000e-01  1.000000e-03  2.528691e+04 -1.670140e+03  4.576388e+03  0.000000e+00 -6.297796e+03  7.784957e+03  0.000000e+00  9.865528e+00  0.000000e+00  1.722237e+00 
 2.620000e-01  1.000000e-03  2.486192e+04 -1.665428e+03  4.550605e+03  0.000000e+00 -6.262315e+03  7.741098e+03  0.000000e+00  9.609921e+00  0.000000e+00  1.738891e+00 
 2.630000e-01  1.000000e-03  2.443935e+04 -1.660677e+03  4.524675e+03  0.000000e+00 -6.226632e+03  7.696989e+03  0.000000e+00  9.358525e+00  0.000000e+00  1.755498e+00 
 2.640000e-01  1.000000e-03  2.401919e+04 -1.655884e+03  4.498596e+03  0.000000e+00 -6.190743e+03  7.652625e+03  0.000000e+00  9.111314e+00  0.000000e+00  1.772056e+00 
 2.650000e-01  1.000000e-03  2.360147e+04 -1.651049e+03  4.472365e+03  0.000000e+00 -6.154645e+03  7.608003e+03  0.000000e+00  8.868264e+00  0.000000e+00  1.788567e+00 
 2.660000e-01  1.000000e-03  2.318620e+04 -1.646172e+03  4.445979e+03  0.000000e+00 -6.118334e+03  7.563118e+03  0.000000e+00  8.629350e+00  0.000000e+00  1.805029e+00 
 2.670000e-01  1.000000e-03  2.277340e+04 -1.641250e+03  4.419436e+03  0.000000e+00 -6.081807e+03  7.517964e+03  0.000000e+00  8.394546e+00  0.000000e+00  1.821441e+00 
 2.680000e-01  1.000000e-03  2.236307e+04 -1.636284e+03  4.392732e+03  0.000000e+00 -6.045058e+03  7.472538e+03  0.000000e+00  8.163828e+00  0.000000e+00  1.837804e+00 
 2.690000e-01  1.000000e-03  2.195524e+04 -1.631273e+03  4.365865e+03  0.000000e+00 -6.008085e+03  7.426834e+03  0.000000e+00  7.937170e+00  0.000000e+00  1.854117e+00 
 2.700000e-01  1.000000e-03  2.154992e+04 -1.626214e+03  4.338832e+03  0.000000e+00 -5.970883e+03  7.380847e+03  0.000000e+00  7.714546e+00  0.000000e+00  1.870379e+00 
 2.710000e-01  1.000000e-03  2.114713e+04 -1.621108e+03  4.311629e+03  0.000000e+00 -5.933448e+03  7.334572e+03  0.000000e+00  7.495930e+00  0.000000e+00  1.886590e+00 
 2.720000e-01  1.000000e-03  2.074687e+04 -1.615954e+03  4.284253e+03  0.000000e+00 -5.895775e+03  7.288003e+03  0.000000e+00  7.281298e+00  0.000000e+00  1.902750e+00 
 2.730000e-01  1.000000e-03  2.034917e+04 -1.610749e+03  4.256701e+03  0.000000e+00 -5.857859e+03  7.241134e+03  0.000000e+00  7.070622e+00  0.000000e+00  1.918857e+00 
 2.740000e-01  1.000000e-03  1.995405e+04 -1.605494e+03  4.228970e+03  0.000000e+00 -5.819697e+03  7.193960e+03  0.000000e+00  6.863876e+00  0.000000e+00  1.934912e+00 
 2.750000e-01  1.000000e-03  1.956152e+04 -1.600187e+03  4.201056e+03  0.000000e+00 -5.781283e+03  7.146474e+03  0.000000e+00  6.661034e+00  0.000000e+00  1.950914e+00 
 2.760000e-01  1.000000e-03  1.917160e+04 -1.594826e+03  4.172955e+03  0.000000e+00 -5.742611e+03  7.098671e+03  0.000000e+00  6.462069e+00  0.000000e+00  1.966862e+00 
 2.770000e-01  1.000000e-03  1.878430e+04 -1.589410e+03  4.144663e+03  0.000000e+00 -5.703678e+03  7.050544e+03  0.000000e+00  6.266954e+00  0.000000e+00  1.982756e+00 
 2.780000e-01  1.000000e-03  1.839965e+04 -1.583939e+03  4.116177e+03  0.000000e+00 -5.664477e+03  7.002086e+03  0.000000e+00  6.075662e+00  0.000000e+00  1.998596e+00 
 2.790000e-01  1.000000e-03  1.801765e+04 -1.578410e+03  4.087493e+03  0.000000e+00 -5.625003e+03  6.953291e+03  0.000000e+00  5.888166e+00  0.000000e+00  2.014380e+00 
 2.800000e-01  1.000000e-03  1.763834e+04 -1.572823e+03  4.058605e+03  0.000000e+00 -5.585250e+03  6.904150e+03  0.000000e+00  5.704439e+00  0.000000e+00  2.030108e+00 
 2.810000e-01  1.000000e-03  1.726173e+04 -1.567175e+03  4.029511e+03  0.000000e+00 -5.545211e+03  6.854657e+03  0.000000e+00  5.524452e+00  0.000000e+00  2.045780e+00 
 2.820000e-01  1.000000e-03  1.688784e+04 -1.561466e+03  4.000205e+03  0.000000e+00 -5.504882e+03  6.804805e+03  0.000000e+00  5.348177e+00  0.000000e+00  2.061394e+00 
 2.830000e-01  1.000000e-03  1.651669e+04 -1.555693e+03  3.970683e+03  0.000000e+00 -5.464255e+03  6.754584e+03  0.000000e+00  5.175587e+00  0.000000e+00  2.076951e+00 
 2.840000e-01  1.000000e-03  1.614829e+04 -1.549856e+03  3.940940e+03  0.000000e+00 -5.423324e+03  6.703987e+03  0.000000e+00  5.006653e+00  0.000000e+00  2.092450e+00 
 2.850000e-01  1.000000e-03  1.578268e+04 -1.543951e+03  3.910970e+03  0.000000e+00 -5.382081e+03  6.653006e+03  0.000000e+00  4.841347e+00  0.000000e+00  2.107889e+00 
 2.860000e-01  1.000000e-03  1.541987e+04 -1.537979e+03  3.880769e+03  0.000000e+00 -5.340520e+03  6.601630e+03  0.000000e+00  4.679638e+00  0.000000e+00  2.123269e+00 
 2.870000e-01  1.000000e-03  1.505988e+04 -1.531935e+03  3.850331e+03  0.000000e+00 -5.298633e+03  6.549852e+03  0.000000e+00  4.521500e+00  0.000000e+00  2.138588e+00 
 2.880000e-01  1.000000e-03  1.470274e+04 -1.525820e+03  3.819651e+03  0.000000e+00 -5.256412e+03  6.497661e+03  0.000000e+00  4.366901e+00  0.000000e+00  2.153847e+00 
 2.890000e-01  1.000000e-03  1.434847e+04 -1.519630e+03  3.788722e+03  0.000000e+00 -5.213849e+03  6.445048e+03  0.000000e+00  4.215812e+00  0.000000e+00  2.169043e+00 
 2.900000e-01  1.000000e-03  1.399708e+04 -1.513363e+03  3.757538e+03  0.000000e+00 -5.170936e+03  6.392001e+03  0.000000e+00  4.068203e+00  0.000000e+00  2.184177e+00 
 2.910000e-01  1.000000e-03  1.364862e+04 -1.507018e+03  3.726094e+03  0.000000e+00 -5.127664e+03  6.338511e+03  0.000000e+00  3.924045e+00  0.000000e+00  2.199247e+00 
 2.920000e-01  1.000000e-03  1.330309e+04 -1.500591e+03  3.694382e+03  0.000000e+00 -5.084024e+03  6.284565e+03  0.000000e+00  3.783306e+00  0.000000e+00  2.214253e+00 
 2.930000e-01  1.000000e-03  1.296054e+04 -1.494081e+03  3.662395e+03  0.000000e+00 -5.040005e+03  6.230152e+03  0.000000e+00  3.645956e+00  0.000000e+00  2.229193e+00 
 2.940000e-01  1.000000e-03  1.262097e+04 -1.487484e+03  3.630127e+03  0.000000e+00 -4.995599e+03  6.175260e+03  0.000000e+00  3.511963e+00  0.000000e+00  2.244068e+00 
 2.950000e-01  1.000000e-03  1.228442e+04 -1.480799e+03  3.597569e+03  0.000000e+00 -4.950795e+03  6.119875e+03  0.000000e+00  3.381296e+00  0.000000e+00  2.258876e+00 
 2.960000e-01  1.000000e-03  1.195092e+04 -1.474021e+03  3.512675e+03  0.000000e+00 -4.833967e+03  5.975460e+03  0.000000e+00  3.234431e+00  1.949228e-02  2.273616e+00 
 2.970000e-01  1.000000e-03  1.162049e+04 -1.467149e+03  3.415554e+03  0.000000e+00 -4.700314e+03  5.810246e+03  0.000000e+00  3.086762e+00  4.323180e-02  2.288288e+00 
 2.980000e-01  1.000000e-03  1.129317e+04 -1.460179e+03  3.319344e+03  0.000000e+00 -4.567916e+03  5.646583e+03  0.000000e+00  2.943214e+00  6.630678e-02  2.302890e+00 
 2.990000e-01  1.000000e-03  1.096897e+04 -1.453108e+03  3.224056e+03  0.000000e+00 -4.436784e+03  5.484486e+03  0.000000e+00  2.803748e+00  8.872353e-02  2.317421e+00 
 3.000000e-01  1.000000e-03  1.064794e+04 -1.445932e+03  3.129697e+03  0.000000e+00 -4.306932e+03  5.323971e+03  0.000000e+00  2.668324e+00  1.104884e-01  2.331880e+00 
 3.010000e-01  1.000000e-03  1.033011e+04 -1.438647e+03  3.036277e+03  0.000000e+00 -4.178373e+03  5.165054e+03  0.000000e+00  2.536902e+00  1.316079e-01  2.346267e+00 
 3.020000e-01  1.000000e-03  1.001550e+04 -1.431250e+03  2.943806e+03  0.000000e+00 -4.051118e+03  5.007749e+03  0.000000e+00  2.409443e+00  1.520885e-01  2.360579e+00 
 3.030000e-01  1.000000e-03  9.704150e+03 -1.423737e+03  2.852293e+03  0.000000e+00 -3.925182e+03  4.852075e+03  0.000000e+00  2.285905e+00  1.719368e-01  2.374817e+00 
 3.040000e-01  1.000000e-03  9.396096e+03 -1.416103e+03  2.761748e+03  0.000000e+00 -3.800579e+03  4.698048e+03  0.000000e+00  2.166248e+00  1.911594e-01  2.388978e+00 
 3.050000e-01  1.000000e-03  9.091373e+03 -1.408343e+03  2.672182e+03  0.000000e+00 -3.677323e+03  4.545686e+03  0.000000e+00  2.050429e+00  2.097631e-01  2.403061e+00 
 3.060000e-01  1.000000e-03  8.790017e+03 -1.400453e+03  2.583606e+03  0.000000e+00 -3.555430e+03  4.395009e+03  0.000000e+00  1.938408e+00  2.277545e-01  2.417065e+00 
 3.070000e-01  1.000000e-03  8.492066e+03 -1.392427e+03  2.496031e+03  0.000000e+00 -3.434913e+03  4.246033e+03  0.000000e+00  1.830141e+00  2.451407e-01  2.430990e+00 
 3.080000e-01  1.000000e-03  8.197561e+03 -1.384260e+03  2.409468e+03  0.000000e+00 -3.315790e+03  4.098780e+03  0.000000e+00  1.725587e+00  2.619285e-01  2.444832e+00 
 3.090000e-01  1.000000e-03  7.906540e+03 -1.375946e+03  2.323930e+03  0.000000e+00 -3.198076e+03  3.953270e+03  0.000000e+00  1.624700e+00  2.781250e-01  2.458592e+00 
 3.100000e-01  1.000000e-03  7.619048e+03 -1.367478e+03  2.239429e+03  0.000000e+00 -3.081790e+03  3.809524e+03  0.000000e+00  1.527438e+00  2.937372e-01  2.472267e+00 
 3.110000e-01  1.000000e-03  7.335127e+03 -1.358850e+03  2.155977e+03  0.000000e+00 -2.966948e+03  3.667563e+03  0.000000e+00  1.433755e+00  3.087724e-01  2.485855e+00 
 3.120000e-01  1.000000e-03  7.054823e+03 -1.350054e+03  2.073589e+03  0.000000e+00 -2.853569e+03  3.527411e+03  0.000000e+00  1.343608e+00  3.232379e-01  2.499356e+00 
 3.130000e-01  1.000000e-03  6.778183e+03 -1.341083e+03  1.992278e+03  0.000000e+00 -2.741673e+03  3.389091e+03  0.000000e+00  1.256949e+00  3.371410e-01  2.512766e+00 
 3.140000e-01  1.000000e-03  6.505257e+03 -1.331929e+03  1.912058e+03  0.000000e+00 -2.631278e+03  3.252628e+03  0.000000e+00  1.173734e+00  3.504893e-01  2.526086e+00 
 3.150000e-01  1.000000e-03  6.236096e+03 -1.322581e+03  1.832945e+03  0.000000e+00 -2.522407e+03  3.118048e+03  0.000000e+00  1.093915e+00  3.632903e-01  2.539312e+00 
 3.160000e-01  1.000000e-03  5.970753e+03 -1.313031e+03  1.754954e+03  0.000000e+00 -2.415080e+03  2.985376e+03  0.000000e+00  1.017445e+00  3.755516e-01  2.552442e+00 
 3.170000e-01  1.000000e-03  5.709284e+03 -1.303268e+03  1.678101e+03  0.000000e+00 -2.309319e+03  2.854642e+03  0.000000e+00  9.442747e-01  3.872812e-01  2.565475e+00 
 3.180000e-01  1.000000e-03  5.451747e+03 -1.293281e+03  1.602405e+03  0.000000e+00 -2.205149e+03  2.725873e+03  0.000000e+00  8.743563e-01  3.984869e-01  2.578407e+00 
 3.190000e-01  1.000000e-03  5.198203e+03 -1.283056e+03  1.527882e+03  0.000000e+00 -2.102595e+03  2.599102e+03  0.000000e+00  8.076399e-01  4.091767e-01  2.591238e+00 
 3.200000e-01  1.000000e-03  4.948717e+03 -1.272582e+03  1.454552e+03  0.000000e+00 -2.001681e+03  2.474358e+03  0.000000e+00  7.440749e-01  4.193589e-01  2.603964e+00 
 3.210000e-01  1.000000e-03  4.703354e+03 -1.261841e+03  1.382434e+03  0.000000e+00 -1.902436e+03  2.351677e+03  0.000000e+00  6.836102e-01  4.290417e-01  2.616582e+00 
 3.220000e-01  1.000000e-03  4.462187e+03 -1.250820e+03  1.311548e+03  0.000000e+00 -1.804887e+03  2.231093e+03  0.000000e+00  6.261935e-01  4.382336e-01  2.629090e+00 
 3.230000e-01  1.000000e-03  4.225288e+03 -1.239499e+03  1.241918e+03  0.000000e+00 -1.709065e+03  2.112644e+03  0.000000e+00  5.717720e-01  4.469431e-01  2.641485e+00 
 3.240000e-01  1.000000e-03  3.992737e+03 -1.227859e+03  1.173565e+03  0.000000e+00 -1.615002e+03  1.996369e+03  0.000000e+00  5.202917e-01  4.551791e-01  2.653764e+00 
 3.250000e-01  1.000000e-03  3.764616e+03 -1.215879e+03  1.106515e+03  0.000000e+00 -1.522731e+03  1.882308e+03  0.000000e+00  4.716975e-01  4.629503e-01  2.665923e+00 
 3.260000e-01  1.000000e-03  3.541013e+03 -1.203533e+03  1.040793e+03  0.000000e+00 -1.432287e+03  1.770507e+03  0.000000e+00  4.259333e-01  4.702660e-01  2.677958e+00 
 3.270000e-01  1.000000e-03  3.322022e+03 -1.190796e+03  9.764254e+02  0.000000e+00 -1.343708e+03  1.661011e+03  0.000000e+00  3.829421e-01  4.771353e-01  2.689866e+00 
 3.280000e-01  1.000000e-03  3.107740e+03 -1.177636e+03  9.134427e+02  0.000000e+00 -1.257034e+03  1.553870e+03  0.000000e+00  3.426654e-01  4.835677e-01  2.701642e+00 
 3.290000e-01  1.000000e-03  2.898275e+03 -1.164019e+03  8.518757e+02  0.000000e+00 -1.172309e+03  1.449138e+03  0.000000e+00  3.050435e-01  4.895729e-01  2.713283e+00 
 3.300000e-01  1.000000e-03  2.693740e+03 -1.149907e+03  7.917577e+02  0.000000e+00 -1.089577e+03  1.346870e+03  0.000000e+00  2.700154e-01  4.951608e-01  2.724782e+00 
 3.310000e-01  1.000000e-03  2.494256e+03 -1.135256e+03  7.331244e+02  0.000000e+00 -1.008889e+03  1.247128e+03  0.000000e+00  2.375185e-01  5.003415e-01  2.736134e+00 
 3.320000e-01  1.000000e-03  2.299956e+03 -1.120014e+03  6.760146e+02  0.000000e+00 -9.302974e+02  1.149978e+03  0.000000e+00  2.074889e-01  5.051255e-01  2.747334e+00 
 3.330000e-01  1.000000e-03  2.110980e+03 -1.104123e+03  6.204698e+02  0.000000e+00 -8.538596e+02  1.055490e+03  0.000000e+00  1.798605e-01  5.095234e-01  2.758376e+00 
 3.340000e-01  1.000000e-03  1.927484e+03 -1.087515e+03  5.665357e+02  0.000000e+00 -7.796381e+02  9.637418e+02  0.000000e+00  1.545658e-01  5.135461e-01  2.769251e+00 
 3.350000e-01  1.000000e-03  1.749636e+03 -1.070109e+03  5.142617e+02  0.000000e+00 -7.077012e+02  8.748178e+02  0.000000e+00  1.315351e-01  5.172051e-01  2.779952e+00 
 3.360000e-01  1.000000e-03  1.577621e+03 -1.051810e+03  4.637024e+02  0.000000e+00 -6.381240e+02  7.888106e+02  0.000000e+00  1.106964e-01  5.205119e-01  2.790470e+00 
 3.370000e-01  1.000000e-03  1.411646e+03 -1.032503e+03  4.149180e+02  0.000000e+00 -5.709895e+02  7.058229e+02  0.000000e+00  9.197544e-02  5.234787e-01  2.800795e+00 
 3.380000e-01  1.000000e-03  1.251937e+03 -1.012047e+03  3.679757e+02  0.000000e+00 -5.063898e+02  6.259686e+02  0.000000e+00  7.529508e-02  5.261180e-01  2.810915e+00 
 3.390000e-01  1.000000e-03  1.098752e+03 -9.902697e+02  3.229508e+02  0.000000e+00 -4.444287e+02  5.493761e+02  0.000000e+00  6.057525e-02  5.284427e-01  2.820818e+00 
 3.400000e-01  1.000000e-03  9.523810e+02 -9.523810e+02  2.799286e+02  0.000000e+00 -3.852238e+02  4.761905e+02  0.000000e+00  4.773243e-02  5.304665e-01  2.830342e+00 
 3.410000e-01  1.000000e-03  8.131571e+02 -8.131571e+02  2.390072e+02  0.000000e+00 -3.289098e+02  4.065786e+02  0.000000e+00  3.667919e-02  5.322036e-01  2.838473e+00 
 3.420000e-01  1.000000e-03  6.814683e+02 -6.814683e+02  2.003006e+02  0.000000e+00 -2.756437e+02  3.407342e+02  0.000000e+00  2.732364e-02  5.336690e-01  2.845288e+00 
 3.430000e-01  1.000000e-03  5.577734e+02 -5.577734e+02  1.639436e+02  0.000000e+00 -2.256109e+02  2.788867e+02  0.000000e+00  1.956855e-02  5.348784e-01  2.850866e+00 
 3.440000e-01  1.000000e-03  4.426267e+02 -4.426267e+02  1.300991e+02  0.000000e+00 -1.790358e+02  2.213133e+02  0.000000e+00  1.331042e-02  5.358489e-01  2.855292e+00 
 3.450000e-01  1.000000e-03  3.367175e+02 -3.367175e+02  9.896971e+01  0.000000e+00 -1.361972e+02  1.683588e+02  0.000000e+00  8.437981e-03  5.365985e-01  2.858659e+00 
 3.460000e-01  1.000000e-03  2.409354e+02 -2.409354e+02  7.081696e+01  0.000000e+00 -9.745476e+01  1.204677e+02  0.000000e+00  4.830182e-03  5.371470e-01  2.861069e+00 
 3.470000e-01  1.000000e-03  1.564922e+02 -1.564922e+02  4.599697e+01  0.000000e+00 -6.329872e+01  7.824608e+01  0.000000e+00  2.352971e-03  5.375165e-01  2.862634e+00 
 3.480000e-01  1.000000e-03  8.518354e+01 -8.518354e+01  2.503758e+01  0.000000e+00 -3.445546e+01  4.259177e+01  0.000000e+00  8.538636e-04  5.377320e-01  2.863485e+00 
 3.490000e-01  1.000000e-03  3.011693e+01 -3.011693e+01  8.852120e+00  0.000000e+00 -1.218184e+01  1.505847e+01  0.000000e+00  1.509432e-04  5.378234e-01  2.863787e+00 
 3.500000e-01  1.000000e-03  0.000000e+00  0.000000e+00  0.000000e+00  0.000000e+00  0.000000e+00  0.000000e+00  0.000000e+00  0.000000e+00  5.378234e-01  2.863787e+00 
