            1      Timestep cnforce (F... cnvforce (... cxsforce (... cysforce (... czsforce (... csforce (F... csvforce (... mechanical... mechanical... mechanical... 
------------- ------------- ------------- ------------- ------------- ------------- ------------- ------------- ------------- ------------- ------------- ------------- 
 1.000000e-03  1.000000e-03  4.259177e+01  9.144875e+02  3.650859e-16 -1.459839e-30  8.756356e-15  8.763964e-15  5.758592e-15  1.703671e-04  0.000000e+00  9.144875e-03 
 2.000000e-03  1.000000e-03  1.204677e+02  1.087515e+03  8.814055e-16 -3.524476e-30  2.113996e-14  2.115833e-14  6.848295e-15  9.637418e-04  0.000000e+00  2.002003e-02 
 3.000000e-03  1.000000e-03  2.213133e+02  1.203533e+03  1.513778e-15 -6.053264e-30  3.630702e-14  3.633857e-14  7.579036e-15  2.655760e-03  0.000000e+00  3.205536e-02 
 4.000000e-03  1.000000e-03  3.407342e+02  1.293281e+03  2.243994e-15 -8.973415e-30  5.382078e-14  5.386754e-14  8.144367e-15  5.451747e-03  0.000000e+00  4.498817e-02 
 5.000000e-03  1.000000e-03  4.761905e+02  1.367478e+03  3.060416e-15 -1.223842e-29  7.340216e-14  7.346593e-14  8.611792e-15  9.523810e-03  0.000000e+00  5.866294e-02 
 6.000000e-03  1.000000e-03  6.259686e+02  1.431250e+03  3.954779e-15 -1.581524e-29  9.485291e-14  9.493532e-14  9.013584e-15  1.502325e-02  0.000000e+00  7.297545e-02 
 7.000000e-03  1.000000e-03  7.888106e+02  1.487484e+03  4.920822e-15 -1.967885e-29  1.180228e-13  1.181254e-13  9.367914e-15  2.208670e-02  0.000000e+00  8.785029e-02 
 8.000000e-03  1.000000e-03  9.637418e+02  1.537979e+03  5.953585e-15 -2.380945e-29  1.427930e-13  1.429171e-13  9.686114e-15  3.083974e-02  0.000000e+00  1.032301e-01 
 9.000000e-03  1.000000e-03  1.149978e+03  1.583939e+03  7.049018e-15 -2.819085e-29  1.690663e-13  1.692132e-13  9.975770e-15  4.139920e-02  0.000000e+00  1.190695e-01 
 1.000000e-02  1.000000e-03  1.346870e+03  1.626214e+03  8.203728e-15 -3.280949e-29  1.967613e-13  1.969322e-13  1.024223e-14  5.387480e-02  0.000000e+00  1.353316e-01 
 1.100000e-02  1.000000e-03  1.553870e+03  1.665428e+03  9.414823e-15 -3.765383e-29  2.258087e-13  2.260048e-13  1.048942e-14  6.837029e-02  0.000000e+00  1.519859e-01 
 1.200000e-02  1.000000e-03  1.770507e+03  1.702053e+03  1.067980e-14 -4.271384e-29  2.561482e-13  2.563708e-13  1.072031e-14  8.498432e-02  0.000000e+00  1.690064e-01 
 1.300000e-02  1.000000e-03  1.996369e+03  1.736455e+03  1.199645e-14 -4.798074e-29  2.877273e-13  2.879773e-13  1.093721e-14  1.038112e-01  0.000000e+00  1.863710e-01 
 1.400000e-02  1.000000e-03  2.231093e+03  1.768927e+03  1.336283e-14 -5.344676e-29  3.204991e-13  3.207776e-13  1.114195e-14  1.249412e-01  0.000000e+00  2.040602e-01 
 1.500000e-02  1.000000e-03  2.474358e+03  1.799702e+03  1.477720e-14 -5.910493e-29  3.544218e-13  3.547298e-13  1.133602e-14  1.484615e-01  0.000000e+00  2.220573e-01 
 1.600000e-02  1.000000e-03  2.725873e+03  1.828975e+03  1.623798e-14 -6.494898e-29  3.894578e-13  3.897961e-13  1.152064e-14  1.744559e-01  0.000000e+00  2.403470e-01 
 1.700000e-02  1.000000e-03  2.985376e+03  1.856906e+03  1.774375e-14 -7.097320e-29  4.255727e-13  4.259424e-13  1.169681e-14  2.030056e-01  0.000000e+00  2.589161e-01 
 1.800000e-02  1.000000e-03  3.252628e+03  1.883631e+03  1.929320e-14 -7.717241e-29  4.627354e-13  4.631374e-13  1.186539e-14  2.341892e-01  0.000000e+00  2.777524e-01 
 1.900000e-02  1.000000e-03  3.527411e+03  1.909265e+03  2.088515e-14 -8.354183e-29  5.009172e-13  5.013524e-13  1.202710e-14  2.680833e-01  0.000000e+00  2.968450e-01 
 2.000000e-02  1.000000e-03  3.809524e+03  1.933906e+03  2.251848e-14 -9.007707e-29  5.400917e-13  5.405610e-13  1.218257e-14  3.047619e-01  0.000000e+00  3.161841e-01 
 2.100000e-02  1.000000e-03  4.098780e+03  1.957639e+03  2.419219e-14 -9.677405e-29  5.802345e-13  5.807386e-13  1.233232e-14  3.442975e-01  0.000000e+00  3.357605e-01 
 2.200000e-02  1.000000e-03  4.395009e+03  1.980539e+03  2.590531e-14 -1.036290e-28  6.213227e-13  6.218625e-13  1.247683e-14  3.867607e-01  0.000000e+00  3.555659e-01 
 2.300000e-02  1.000000e-03  4.698048e+03  2.002672e+03  2.765697e-14 -1.106384e-28  6.633352e-13  6.639115e-13  1.261651e-14  4.322204e-01  0.000000e+00  3.755926e-01 
 2.400000e-02  1.000000e-03  5.007749e+03  2.024094e+03  2.944634e-14 -1.177989e-28  7.062521e-13  7.068657e-13  1.275172e-14  4.807439e-01  0.000000e+00  3.958335e-01 
 2.500000e-02  1.000000e-03  5.323971e+03  2.044856e+03  3.127265e-14 -1.251075e-28  7.500549e-13  7.507066e-13  1.288279e-14  5.323971e-01  0.000000e+00  4.162821e-01 
 2.600000e-02  1.000000e-03  5.646583e+03  2.065005e+03  3.313516e-14 -1.325612e-28  7.947261e-13  7.954165e-13  1.300999e-14  5.872446e-01  0.000000e+00  4.369321e-01 
 2.700000e-02  1.000000e-03  5.975460e+03  2.084581e+03  3.503319e-14 -1.401573e-28  8.402491e-13  8.409791e-13  1.313358e-14  6.453497e-01  0.000000e+00  4.577780e-01 
 2.800000e-02  1.000000e-03  6.310485e+03  2.103620e+03  3.696608e-14 -1.478932e-28  8.866084e-13  8.873787e-13  1.325380e-14  7.067743e-01  0.000000e+00  4.788142e-01 
 2.900000e-02  1.000000e-03  6.651547e+03  2.122156e+03  3.893323e-14 -1.557664e-28  9.337893e-13  9.346006e-13  1.337085e-14  7.715795e-01  0.000000e+00  5.000357e-01 
 3.000000e-02  1.000000e-03  6.998542e+03  2.140218e+03  4.093405e-14 -1.637747e-28  9.817776e-13  9.826306e-13  1.348493e-14  8.398251e-01  0.000000e+00  5.214379e-01 
 3.100000e-02  1.000000e-03  7.351369e+03  2.157835e+03  4.296798e-14 -1.719158e-28  1.030560e-12  1.031456e-12  1.359619e-14  9.115698e-01  0.000000e+00  5.430163e-01 
 3.200000e-02  1.000000e-03  7.709934e+03  2.175030e+03  4.503450e-14 -1.801875e-28  1.080124e-12  1.081063e-12  1.370481e-14  9.868716e-01  0.000000e+00  5.647666e-01 
 3.300000e-02  1.000000e-03  8.074146e+03  2.191827e+03  4.713310e-14 -1.885880e-28  1.130458e-12  1.131440e-12  1.381093e-14  1.065787e+00  0.000000e+00  5.866848e-01 
 3.400000e-02  1.000000e-03  8.443919e+03  2.208246e+03  4.926331e-14 -1.971153e-28  1.181550e-12  1.182576e-12  1.391466e-14  1.148373e+00  0.000000e+00  6.087673e-01 
 3.500000e-02  1.000000e-03  8.819171e+03  2.224307e+03  5.142465e-14 -2.057675e-28  1.233388e-12  1.234460e-12  1.401615e-14  1.234684e+00  0.000000e+00  6.310104e-01 
 3.600000e-02  1.000000e-03  9.199823e+03  2.240028e+03  5.361670e-14 -2.145430e-28  1.285963e-12  1.287080e-12  1.411549e-14  1.324774e+00  0.000000e+00  6.534106e-01 
 3.700000e-02  1.000000e-03  9.585798e+03  2.255424e+03  5.583904e-14 -2.234399e-28  1.339264e-12  1.340428e-12  1.421280e-14  1.418698e+00  0.000000e+00  6.759649e-01 
 3.800000e-02  1.000000e-03  9.977026e+03  2.270511e+03  5.809124e-14 -2.324568e-28  1.393282e-12  1.394493e-12  1.430816e-14  1.516508e+00  0.000000e+00  6.986700e-01 
 3.900000e-02  1.000000e-03  1.037344e+04  2.285304e+03  6.037294e-14 -2.415920e-28  1.448007e-12  1.449265e-12  1.440166e-14  1.618256e+00  0.000000e+00  7.215230e-01 
 4.000000e-02  1.000000e-03  1.077496e+04  2.299814e+03  6.268374e-14 -2.508441e-28  1.503430e-12  1.504737e-12  1.449340e-14  1.723994e+00  0.000000e+00  7.445212e-01 
 4.100000e-02  1.000000e-03  1.118154e+04  2.314055e+03  6.502331e-14 -2.602116e-28  1.559543e-12  1.560898e-12  1.458344e-14  1.833772e+00  0.000000e+00  7.676617e-01 
 4.200000e-02  1.000000e-03  1.159310e+04  2.328038e+03  6.739128e-14 -2.696932e-28  1.616338e-12  1.617742e-12  1.467185e-14  1.947641e+00  0.000000e+00  7.909421e-01 
 4.300000e-02  1.000000e-03  1.200960e+04  2.341774e+03  6.978732e-14 -2.792875e-28  1.673805e-12  1.675259e-12  1.475871e-14  2.065650e+00  0.000000e+00  8.143599e-01 
 4.400000e-02  1.000000e-03  1.243096e+04  2.355271e+03  7.221111e-14 -2.889933e-28  1.731938e-12  1.733443e-12  1.484407e-14  2.187849e+00  0.000000e+00  8.379126e-01 
 4.500000e-02  1.000000e-03  1.285714e+04  2.368541e+03  7.466233e-14 -2.988092e-28  1.790729e-12  1.792285e-12  1.492800e-14  2.314286e+00  0.000000e+00  8.615980e-01 
 4.600000e-02  1.000000e-03  1.328809e+04  2.381591e+03  7.714070e-14 -3.087341e-28  1.850171e-12  1.851779e-12  1.501056e-14  2.445008e+00  0.000000e+00  8.854139e-01 
 4.700000e-02  1.000000e-03  1.372374e+04  2.394431e+03  7.964590e-14 -3.187669e-28  1.910257e-12  1.911917e-12  1.509178e-14  2.580063e+00  0.000000e+00  9.093582e-01 
 4.800000e-02  1.000000e-03  1.416405e+04  2.407067e+03  8.217767e-14 -3.289064e-28  1.970980e-12  1.972693e-12  1.517173e-14  2.719498e+00  0.000000e+00  9.334289e-01 
 4.900000e-02  1.000000e-03  1.460898e+04  2.419507e+03  8.473573e-14 -3.391515e-28  2.032334e-12  2.034099e-12  1.525044e-14  2.863360e+00  0.000000e+00  9.576239e-01 
 5.000000e-02  1.000000e-03  1.505847e+04  2.431758e+03  8.731981e-14 -3.495012e-28  2.094311e-12  2.096131e-12  1.532797e-14  3.011693e+00  0.000000e+00  9.819415e-01 
 5.100000e-02  1.000000e-03  1.551247e+04  2.443826e+03  8.992965e-14 -3.599544e-28  2.156907e-12  2.158780e-12  1.540435e-14  3.164544e+00  0.000000e+00  1.006380e+00 
 5.200000e-02  1.000000e-03  1.597095e+04  2.455719e+03  9.256501e-14 -3.705102e-28  2.220114e-12  2.222043e-12  1.547962e-14  3.321957e+00  0.000000e+00  1.030937e+00 
 5.300000e-02  1.000000e-03  1.643386e+04  2.467441e+03  9.522565e-14 -3.811675e-28  2.283928e-12  2.285912e-12  1.555382e-14  3.483978e+00  0.000000e+00  1.055611e+00 
 5.400000e-02  1.000000e-03  1.690115e+04  2.478998e+03  9.791131e-14 -3.919255e-28  2.348342e-12  2.350382e-12  1.562699e-14  3.650649e+00  0.000000e+00  1.080401e+00 
 5.500000e-02  1.000000e-03  1.737280e+04  2.490396e+03  1.006218e-13 -4.027832e-28  2.413351e-12  2.415448e-12  1.569915e-14  3.822015e+00  0.000000e+00  1.105305e+00 
 5.600000e-02  1.000000e-03  1.784875e+04  2.501640e+03  1.033569e-13 -4.137398e-28  2.478949e-12  2.481103e-12  1.577035e-14  3.998119e+00  0.000000e+00  1.130322e+00 
 5.700000e-02  1.000000e-03  1.832897e+04  2.512734e+03  1.061163e-13 -4.247944e-28  2.545133e-12  2.547344e-12  1.584060e-14  4.179004e+00  0.000000e+00  1.155449e+00 
 5.800000e-02  1.000000e-03  1.881342e+04  2.523683e+03  1.088999e-13 -4.359461e-28  2.611895e-12  2.614164e-12  1.590994e-14  4.364713e+00  0.000000e+00  1.180686e+00 
 5.900000e-02  1.000000e-03  1.930206e+04  2.534491e+03  1.117074e-13 -4.471941e-28  2.679232e-12  2.681560e-12  1.597840e-14  4.555287e+00  0.000000e+00  1.206031e+00 
 6.000000e-02  1.000000e-03  1.979487e+04  2.545163e+03  1.145387e-13 -4.585377e-28  2.747139e-12  2.749525e-12  1.604600e-14  4.750768e+00  0.000000e+00  1.231482e+00 
 6.100000e-02  1.000000e-03  2.029179e+04  2.555702e+03  1.173935e-13 -4.699760e-28  2.815610e-12  2.818056e-12  1.611277e-14  4.951198e+00  0.000000e+00  1.257039e+00 
 6.200000e-02  1.000000e-03  2.079281e+04  2.566113e+03  1.202717e-13 -4.815083e-28  2.884642e-12  2.887148e-12  1.617873e-14  5.156617e+00  0.000000e+00  1.282701e+00 
 6.300000e-02  1.000000e-03  2.129789e+04  2.576398e+03  1.231731e-13 -4.931338e-28  2.954230e-12  2.956796e-12  1.624390e-14  5.367068e+00  0.000000e+00  1.308465e+00 
 6.400000e-02  1.000000e-03  2.180699e+04  2.586561e+03  1.260975e-13 -5.048519e-28  3.024369e-12  3.026997e-12  1.630831e-14  5.582589e+00  0.000000e+00  1.334330e+00 
 6.500000e-02  1.000000e-03  2.232008e+04  2.596606e+03  1.290447e-13 -5.166618e-28  3.095055e-12  3.097744e-12  1.637197e-14  5.803221e+00  0.000000e+00  1.360296e+00 
 6.600000e-02  1.000000e-03  2.283713e+04  2.606536e+03  1.320145e-13 -5.285628e-28  3.166285e-12  3.169036e-12  1.643491e-14  6.029003e+00  0.000000e+00  1.386362e+00 
 6.700000e-02  1.000000e-03  2.335812e+04  2.616354e+03  1.350068e-13 -5.405543e-28  3.238054e-12  3.240867e-12  1.649714e-14  6.259976e+00  0.000000e+00  1.412525e+00 
 6.800000e-02  1.000000e-03  2.388301e+04  2.626062e+03  1.380214e-13 -5.526356e-28  3.310357e-12  3.313233e-12  1.655869e-14  6.496179e+00  0.000000e+00  1.438786e+00 
 6.900000e-02  1.000000e-03  2.441177e+04  2.635664e+03  1.410582e-13 -5.648061e-28  3.383192e-12  3.386131e-12  1.661956e-14  6.737650e+00  0.000000e+00  1.465142e+00 
 7.000000e-02  1.000000e-03  2.494438e+04  2.645162e+03  1.441169e-13 -5.770651e-28  3.456554e-12  3.459557e-12  1.667979e-14  6.984427e+00  0.000000e+00  1.491594e+00 
 7.100000e-02  1.000000e-03  2.548081e+04  2.654559e+03  1.471975e-13 -5.894120e-28  3.530440e-12  3.533507e-12  1.673938e-14  7.236550e+00  0.000000e+00  1.518140e+00 
 7.200000e-02  1.000000e-03  2.602103e+04  2.663857e+03  1.502998e-13 -6.018462e-28  3.604846e-12  3.607978e-12  1.679835e-14  7.494056e+00  0.000000e+00  1.544778e+00 
 7.300000e-02  1.000000e-03  2.656501e+04  2.673059e+03  1.534236e-13 -6.143671e-28  3.679768e-12  3.682965e-12  1.685671e-14  7.756983e+00  0.000000e+00  1.571509e+00 
 7.400000e-02  1.000000e-03  2.711273e+04  2.682166e+03  1.565687e-13 -6.269742e-28  3.755203e-12  3.758466e-12  1.691448e-14  8.025369e+00  0.000000e+00  1.598330e+00 
 7.500000e-02  1.000000e-03  2.766417e+04  2.691182e+03  1.597352e-13 -6.396668e-28  3.831148e-12  3.834476e-12  1.697168e-14  8.299250e+00  0.000000e+00  1.625242e+00 
 7.600000e-02  1.000000e-03  2.821929e+04  2.700108e+03  1.629227e-13 -6.524445e-28  3.907599e-12  3.910994e-12  1.702831e-14  8.578664e+00  0.000000e+00  1.652243e+00 
 7.700000e-02  1.000000e-03  2.877808e+04  2.708947e+03  1.661312e-13 -6.653066e-28  3.984552e-12  3.988014e-12  1.708440e-14  8.863648e+00  0.000000e+00  1.679333e+00 
 7.800000e-02  1.000000e-03  2.934051e+04  2.717700e+03  1.693605e-13 -6.782527e-28  4.062006e-12  4.065535e-12  1.713994e-14  9.154238e+00  0.000000e+00  1.706510e+00 
 7.900000e-02  1.000000e-03  2.990655e+04  2.726369e+03  1.726105e-13 -6.912822e-28  4.139956e-12  4.143552e-12  1.719496e-14  9.450470e+00  0.000000e+00  1.733773e+00 
 8.000000e-02  1.000000e-03  3.047619e+04  2.734956e+03  1.758811e-13 -7.043946e-28  4.218399e-12  4.222064e-12  1.724946e-14  9.752381e+00  0.000000e+00  1.761123e+00 
 8.100000e-02  1.000000e-03  3.104940e+04  2.743463e+03  1.791722e-13 -7.175894e-28  4.297332e-12  4.301066e-12  1.730346e-14  1.006001e+01  0.000000e+00  1.788558e+00 
 8.200000e-02  1.000000e-03  3.162616e+04  2.751891e+03  1.824835e-13 -7.308661e-28  4.376753e-12  4.380556e-12  1.735697e-14  1.037338e+01  0.000000e+00  1.816077e+00 
 8.300000e-02  1.000000e-03  3.220645e+04  2.760243e+03  1.858151e-13 -7.442243e-28  4.456658e-12  4.460530e-12  1.741000e-14  1.069254e+01  0.000000e+00  1.843679e+00 
 8.400000e-02  1.000000e-03  3.279024e+04  2.768520e+03  1.891667e-13 -7.576634e-28  4.537045e-12  4.540987e-12  1.746255e-14  1.101752e+01  0.000000e+00  1.871364e+00 
 8.500000e-02  1.000000e-03  3.337752e+04  2.776723e+03  1.925383e-13 -7.711829e-28  4.617911e-12  4.621923e-12  1.751464e-14  1.134836e+01  0.000000e+00  1.899131e+00 
 8.600000e-02  1.000000e-03  3.396827e+04  2.784854e+03  1.959297e-13 -7.847825e-28  4.699252e-12  4.703335e-12  1.756628e-14  1.168508e+01  0.000000e+00  1.926980e+00 
 8.700000e-02  1.000000e-03  3.456245e+04  2.792914e+03  1.993409e-13 -7.984617e-28  4.781067e-12  4.785220e-12  1.761748e-14  1.202773e+01  0.000000e+00  1.954909e+00 
 8.800000e-02  1.000000e-03  3.516007e+04  2.800906e+03  2.027717e-13 -8.122200e-28  4.863352e-12  4.867577e-12  1.766824e-14  1.237634e+01  0.000000e+00  1.982918e+00 
 8.900000e-02  1.000000e-03  3.576109e+04  2.808829e+03  2.062219e-13 -8.260570e-28  4.946105e-12  4.950402e-12  1.771858e-14  1.273095e+01  0.000000e+00  2.011006e+00 
 9.000000e-02  1.000000e-03  3.636549e+04  2.816686e+03  2.096916e-13 -8.399722e-28  5.029323e-12  5.033692e-12  1.776850e-14  1.309158e+01  0.000000e+00  2.039173e+00 
 9.100000e-02  1.000000e-03  3.697326e+04  2.824478e+03  2.131806e-13 -8.539653e-28  5.113004e-12  5.117446e-12  1.781801e-14  1.345827e+01  0.000000e+00  2.067418e+00 
 9.200000e-02  1.000000e-03  3.758438e+04  2.832205e+03  2.166888e-13 -8.680358e-28  5.197145e-12  5.201660e-12  1.786711e-14  1.383105e+01  0.000000e+00  2.095740e+00 
 9.300000e-02  1.000000e-03  3.819884e+04  2.839870e+03  2.202160e-13 -8.821833e-28  5.281744e-12  5.286333e-12  1.791583e-14  1.420997e+01  0.000000e+00  2.124139e+00 
 9.400000e-02  1.000000e-03  3.881660e+04  2.847474e+03  2.237623e-13 -8.964074e-28  5.366798e-12  5.371461e-12  1.796416e-14  1.459504e+01  0.000000e+00  2.152614e+00 
 9.500000e-02  1.000000e-03  3.943766e+04  2.855017e+03  2.273274e-13 -9.107078e-28  5.452305e-12  5.457042e-12  1.801210e-14  1.498631e+01  0.000000e+00  2.181164e+00 
 9.600000e-02  1.000000e-03  4.006199e+04  2.862501e+03  2.309113e-13 -9.250840e-28  5.538263e-12  5.543075e-12  1.805968e-14  1.538381e+01  0.000000e+00  2.209789e+00 
 9.700000e-02  1.000000e-03  4.068959e+04  2.869926e+03  2.345139e-13 -9.395357e-28  5.624669e-12  5.629556e-12  1.810689e-14  1.578756e+01  0.000000e+00  2.238488e+00 
 9.800000e-02  1.000000e-03  4.132043e+04  2.877294e+03  2.381351e-13 -9.540624e-28  5.711521e-12  5.716483e-12  1.815374e-14  1.619761e+01  0.000000e+00  2.267261e+00 
 9.900000e-02  1.000000e-03  4.195449e+04  2.884607e+03  2.417748e-13 -9.686639e-28  5.798817e-12  5.803855e-12  1.820024e-14  1.661398e+01  0.000000e+00  2.296107e+00 
 1.000000e-01  1.000000e-03  4.259177e+04  2.891864e+03  2.454329e-13 -9.833396e-28  5.886554e-12  5.891668e-12  1.824639e-14  1.703671e+01  0.000000e+00  2.325026e+00 
 1.010000e-01  1.000000e-03  4.259177e+04  8.702385e-31  1.650408e+02 -1.147495e-15  5.886554e-12  1.650408e+02  8.232135e+02  1.703697e+01  0.000000e+00  2.327608e+00 
 1.020000e-01  1.000000e-03  4.259177e+04  8.702385e-31  3.300815e+02 -2.294991e-15  5.886554e-12  3.300815e+02  8.232135e+02  1.703774e+01  0.000000e+00  2.330190e+00 
 1.030000e-01  1.000000e-03  4.259177e+04  8.702385e-31  4.951223e+02 -3.442486e-15  5.886554e-12  4.951223e+02  8.232135e+02  1.703904e+01  0.000000e+00  2.332773e+00 
 1.040000e-01  1.000000e-03  4.259177e+04  8.702385e-31  6.601630e+02 -4.589981e-15  5.886553e-12  6.601630e+02  8.232135e+02  1.704085e+01  0.000000e+00  2.335355e+00 
 1.050000e-01  1.000000e-03  4.259177e+04  8.702385e-31  8.252038e+02 -5.737476e-15  5.886553e-12  8.252038e+02  8.232135e+02  1.704318e+01  0.000000e+00  2.337937e+00 
 1.060000e-01  1.000000e-03  4.259177e+04  8.702385e-31  9.902445e+02 -6.884972e-15  5.886553e-12  9.902445e+02  8.232135e+02  1.704603e+01  0.000000e+00  2.340520e+00 
 1.070000e-01  1.000000e-03  4.259177e+04  8.702385e-31  1.155285e+03 -8.032467e-15  5.886552e-12  1.155285e+03  8.232135e+02  1.704939e+01  0.000000e+00  2.343102e+00 
 1.080000e-01  1.000000e-03  4.259177e+04  8.702385e-31  1.320326e+03 -9.179962e-15  5.886552e-12  1.320326e+03  8.232135e+02  1.705328e+01  0.000000e+00  2.345684e+00 
 1.090000e-01  1.000000e-03  4.259177e+04  8.702385e-31  1.485367e+03 -1.032746e-14  5.886551e-12  1.485367e+03  8.232135e+02  1.705768e+01  0.000000e+00  2.348266e+00 
 1.100000e-01  1.000000e-03  4.259177e+04  8.702385e-31  1.650408e+03 -1.147495e-14  5.886550e-12  1.650408e+03  8.232135e+02  1.706259e+01  0.000000e+00  2.350849e+00 
 1.110000e-01  1.000000e-03  4.259177e+04  8.702385e-31  1.815448e+03 -1.262245e-14  5.886549e-12  1.815448e+03  8.232135e+02  1.706803e+01  0.000000e+00  2.353431e+00 
 1.120000e-01  1.000000e-03  4.259177e+04  8.702385e-31  1.980489e+03 -1.376994e-14  5.886548e-12  1.980489e+03  8.232135e+02  1.707398e+01  0.000000e+00  2.356013e+00 
 1.130000e-01  1.000000e-03  4.259177e+04  8.702385e-31  2.145530e+03 -1.491744e-14  5.886547e-12  2.145530e+03  8.232135e+02  1.708045e+01  0.000000e+00  2.358596e+00 
 1.140000e-01  1.000000e-03  4.259177e+04  8.702385e-31  2.310571e+03 -1.606493e-14  5.886546e-12  2.310571e+03  8.232135e+02  1.708744e+01  0.000000e+00  2.361178e+00 
 1.150000e-01  1.000000e-03  4.259177e+04  8.702385e-31  2.475611e+03 -1.721243e-14  5.886545e-12  2.475611e+03  8.232135e+02  1.709495e+01  0.000000e+00  2.363760e+00 
 1.160000e-01  1.000000e-03  4.259177e+04  8.702385e-31  2.640652e+03 -1.835992e-14  5.886544e-12  2.640652e+03  8.232135e+02  1.710298e+01  0.000000e+00  2.366343e+00 
 1.170000e-01  1.000000e-03  4.259177e+04  8.702385e-31  2.805693e+03 -1.950742e-14  5.886542e-12  2.805693e+03  8.232135e+02  1.711152e+01  0.000000e+00  2.368925e+00 
 1.180000e-01  1.000000e-03  4.259177e+04  8.702385e-31  2.970734e+03 -2.065492e-14  5.886541e-12  2.970734e+03  8.232135e+02  1.712058e+01  0.000000e+00  2.371507e+00 
 1.190000e-01  1.000000e-03  4.259177e+04  8.702385e-31  3.135774e+03 -2.180241e-14  5.886539e-12  3.135774e+03  8.232135e+02  1.713016e+01  0.000000e+00  2.374089e+00 
 1.200000e-01  1.000000e-03  4.259177e+04  8.702385e-31  3.300815e+03 -2.294991e-14  5.886538e-12  3.300815e+03  8.232135e+02  1.714025e+01  0.000000e+00  2.376672e+00 
 1.210000e-01  1.000000e-03  4.259177e+04  8.702385e-31  3.465856e+03 -2.409740e-14  5.886536e-12  3.465856e+03  8.232135e+02  1.715086e+01  0.000000e+00  2.379254e+00 
 1.220000e-01  1.000000e-03  4.259177e+04  8.702385e-31  3.630897e+03 -2.524490e-14  5.886534e-12  3.630897e+03  8.232135e+02  1.716199e+01  0.000000e+00  2.381836e+00 
 1.230000e-01  1.000000e-03  4.259177e+04  8.702385e-31  3.795937e+03 -2.639239e-14  5.886532e-12  3.795937e+03  8.232135e+02  1.717364e+01  0.000000e+00  2.384419e+00 
 1.240000e-01  1.000000e-03  4.259177e+04  8.702385e-31  3.960978e+03 -2.753989e-14  5.886530e-12  3.960978e+03  8.232135e+02  1.718581e+01  0.000000e+00  2.387001e+00 
 1.250000e-01  1.000000e-03  4.259177e+04  8.702385e-31  4.126019e+03 -2.868738e-14  5.886528e-12  4.126019e+03  8.232135e+02  1.719849e+01  0.000000e+00  2.389583e+00 
 1.260000e-01  1.000000e-03  4.259177e+04  8.702385e-31  4.291060e+03 -2.983488e-14  5.886526e-12  4.291060e+03  8.232135e+02  1.721169e+01  0.000000e+00  2.392166e+00 
 1.270000e-01  1.000000e-03  4.259177e+04  8.702385e-31  4.456100e+03 -3.098237e-14  5.886524e-12  4.456100e+03  8.232135e+02  1.722541e+01  0.000000e+00  2.394748e+00 
 1.280000e-01  1.000000e-03  4.259177e+04  8.702385e-31  4.621141e+03 -3.212987e-14  5.886521e-12  4.621141e+03  8.232135e+02  1.723965e+01  0.000000e+00  2.397330e+00 
 1.290000e-01  1.000000e-03  4.259177e+04  8.702385e-31  4.786182e+03 -3.327736e-14  5.886519e-12  4.786182e+03  8.232135e+02  1.725441e+01  0.000000e+00  2.399913e+00 
 1.300000e-01  1.000000e-03  4.259177e+04  8.702385e-31  4.951223e+03 -3.442486e-14  5.886516e-12  4.951223e+03  8.232135e+02  1.726968e+01  0.000000e+00  2.402495e+00 
 1.310000e-01  1.000000e-03  4.259177e+04  8.702385e-31  5.116263e+03 -3.557235e-14  5.886514e-12  5.116263e+03  8.232135e+02  1.728547e+01  0.000000e+00  2.405077e+00 
 1.320000e-01  1.000000e-03  4.259177e+04  8.702385e-31  5.281304e+03 -3.671985e-14  5.886511e-12  5.281304e+03  8.232135e+02  1.730178e+01  0.000000e+00  2.407659e+00 
 1.330000e-01  1.000000e-03  4.259177e+04  8.702385e-31  5.446345e+03 -3.786734e-14  5.886508e-12  5.446345e+03  8.232135e+02  1.731860e+01  0.000000e+00  2.410242e+00 
 1.340000e-01  1.000000e-03  4.259177e+04  8.702385e-31  5.611386e+03 -3.901484e-14  5.886505e-12  5.611386e+03  8.232135e+02  1.733594e+01  0.000000e+00  2.412824e+00 
 1.350000e-01  1.000000e-03  4.259177e+04  8.702385e-31  5.776427e+03 -4.016234e-14  5.886503e-12  5.776427e+03  8.232135e+02  1.735381e+01  0.000000e+00  2.415406e+00 
 1.360000e-01  1.000000e-03  4.259177e+04  8.702385e-31  5.941467e+03 -4.130983e-14  5.886500e-12  5.941467e+03  8.232135e+02  1.737218e+01  0.000000e+00  2.417989e+00 
 1.370000e-01  1.000000e-03  4.259177e+04  8.702385e-31  6.106508e+03 -4.245733e-14  5.886496e-12  6.106508e+03  8.232135e+02  1.739108e+01  0.000000e+00  2.420571e+00 
 1.380000e-01  1.000000e-03  4.259177e+04  8.702385e-31  6.271549e+03 -4.360482e-14  5.886493e-12  6.271549e+03  8.232135e+02  1.741049e+01  0.000000e+00  2.423153e+00 
 1.390000e-01  1.000000e-03  4.259177e+04  8.702385e-31  6.436590e+03 -4.475232e-14  5.886490e-12  6.436590e+03  8.232135e+02  1.743043e+01  0.000000e+00  2.425736e+00 
 1.400000e-01  1.000000e-03  4.259177e+04  8.702385e-31  6.601630e+03 -4.589981e-14  5.886487e-12  6.601630e+03  8.232135e+02  1.745088e+01  0.000000e+00  2.428318e+00 
 1.410000e-01  1.000000e-03  4.259177e+04  8.702385e-31  6.766671e+03 -4.704731e-14  5.886483e-12  6.766671e+03  8.232135e+02  1.747184e+01  0.000000e+00  2.430900e+00 
 1.420000e-01  1.000000e-03  4.259177e+04  8.702385e-31  6.931712e+03 -4.819480e-14  5.886480e-12  6.931712e+03  8.232135e+02  1.749333e+01  0.000000e+00  2.433483e+00 
 1.430000e-01  1.000000e-03  4.259177e+04  8.702385e-31  7.096753e+03 -4.934230e-14  5.886476e-12  7.096753e+03  8.232135e+02  1.751533e+01  0.000000e+00  2.436065e+00 
 1.440000e-01  1.000000e-03  4.259177e+04  8.702385e-31  7.261793e+03 -5.048979e-14  5.886472e-12  7.261793e+03  8.232135e+02  1.753785e+01  0.000000e+00  2.438647e+00 
 1.450000e-01  1.000000e-03  4.259177e+04  8.702385e-31  7.426834e+03 -5.163729e-14  5.886468e-12  7.426834e+03  8.232135e+02  1.756089e+01  0.000000e+00  2.441229e+00 
 1.460000e-01  1.000000e-03  4.259177e+04  8.702385e-31  7.591875e+03 -5.278478e-14  5.886465e-12  7.591875e+03  8.232135e+02  1.758445e+01  0.000000e+00  2.443812e+00 
 1.470000e-01  1.000000e-03  4.259177e+04  8.702385e-31  7.756916e+03 -5.393228e-14  5.886461e-12  7.756916e+03  8.232135e+02  1.760852e+01  0.000000e+00  2.446394e+00 
 1.480000e-01  1.000000e-03  4.259177e+04  8.702385e-31  7.921956e+03 -5.507977e-14  5.886456e-12  7.921956e+03  8.232135e+02  1.763311e+01  0.000000e+00  2.448976e+00 
 1.490000e-01  1.000000e-03  4.259177e+04  8.702385e-31  8.086997e+03 -5.622727e-14  5.886452e-12  8.086997e+03  8.232135e+02  1.765822e+01  0.000000e+00  2.451559e+00 
 1.500000e-01  1.000000e-03  4.259177e+04  8.702385e-31  8.252038e+03 -5.737476e-14  5.886448e-12  8.252038e+03  8.232135e+02  1.768385e+01  0.000000e+00  2.454141e+00 
 1.510000e-01  1.000000e-03  4.259177e+04  2.784763e-29  8.252038e+03 -2.985281e-14 -1.650408e+02  8.253688e+03  2.157060e-17  1.768410e+01  0.000000e+00  2.456723e+00 
 1.520000e-01  1.000000e-03  4.259177e+04  2.784763e-29  8.252038e+03 -2.330850e-15 -3.300815e+02  8.258637e+03  2.158857e-17  1.768488e+01  0.000000e+00  2.459306e+00 
 1.530000e-01  1.000000e-03  4.259177e+04  2.784763e-29  8.252038e+03  2.519111e-14 -4.951223e+02  8.266878e+03  2.160655e-17  1.768618e+01  0.000000e+00  2.461888e+00 
 1.540000e-01  1.000000e-03  4.259177e+04  2.784763e-29  8.252038e+03  5.271307e-14 -6.601630e+02  8.278402e+03  2.162452e-17  1.768799e+01  0.000000e+00  2.464470e+00 
 1.550000e-01  1.000000e-03  4.259177e+04  2.784763e-29  8.252038e+03  8.023502e-14 -8.252038e+02  8.293195e+03  2.164249e-17  1.769032e+01  0.000000e+00  2.467052e+00 
 1.560000e-01  1.000000e-03  4.259177e+04  2.784763e-29  8.252038e+03  1.077570e-13 -9.902445e+02  8.311240e+03  2.166046e-17  1.769316e+01  0.000000e+00  2.469635e+00 
 1.570000e-01  1.000000e-03  4.259177e+04  2.784763e-29  8.252038e+03  1.352789e-13 -1.155285e+03  8.332515e+03  2.167843e-17  1.769653e+01  0.000000e+00  2.472217e+00 
 1.580000e-01  1.000000e-03  4.259177e+04  2.784763e-29  8.252038e+03  1.628009e-13 -1.320326e+03  8.356996e+03  2.169641e-17  1.770041e+01  0.000000e+00  2.474799e+00 
 1.590000e-01  1.000000e-03  4.259177e+04  2.784763e-29  8.252038e+03  1.903229e-13 -1.485367e+03  8.384655e+03  2.171438e-17  1.770481e+01  0.000000e+00  2.477382e+00 
 1.600000e-01  1.000000e-03  4.259177e+04  2.784763e-29  8.252038e+03  2.178448e-13 -1.650408e+03  8.415460e+03  2.173235e-17  1.770973e+01  0.000000e+00  2.479964e+00 
 1.610000e-01  1.000000e-03  4.259177e+04  2.784763e-29  8.252038e+03  2.453668e-13 -1.815448e+03  8.449378e+03  2.175032e-17  1.771517e+01  0.000000e+00  2.482546e+00 
 1.620000e-01  1.000000e-03  4.259177e+04  2.784763e-29  8.252038e+03  2.728887e-13 -1.980489e+03  8.486369e+03  2.176830e-17  1.772112e+01  0.000000e+00  2.485129e+00 
 1.630000e-01  1.000000e-03  4.259177e+04  2.784763e-29  8.252038e+03  3.004107e-13 -2.145530e+03  8.526396e+03  2.178627e-17  1.772759e+01  0.000000e+00  2.487711e+00 
 1.640000e-01  1.000000e-03  4.259177e+04  2.784763e-29  8.252038e+03  3.279326e-13 -2.310571e+03  8.569415e+03  2.180424e-17  1.773458e+01  0.000000e+00  2.490293e+00 
 1.650000e-01  1.000000e-03  4.259177e+04  2.784763e-29  8.252038e+03  3.554546e-13 -2.475611e+03  8.615380e+03  2.182221e-17  1.774209e+01  0.000000e+00  2.492876e+00 
 1.660000e-01  1.000000e-03  4.259177e+04  2.784763e-29  8.252038e+03  3.829766e-13 -2.640652e+03  8.664247e+03  2.184018e-17  1.775011e+01  0.000000e+00  2.495458e+00 
 1.670000e-01  1.000000e-03  4.259177e+04  2.784763e-29  8.252038e+03  4.104985e-13 -2.805693e+03  8.715965e+03  2.185816e-17  1.775865e+01  0.000000e+00  2.498040e+00 
 1.680000e-01  1.000000e-03  4.259177e+04  2.784763e-29  8.252038e+03  4.380205e-13 -2.970734e+03  8.770484e+03  2.187613e-17  1.776771e+01  0.000000e+00  2.500622e+00 
 1.690000e-01  1.000000e-03  4.259177e+04  2.784763e-29  8.252038e+03  4.655424e-13 -3.135774e+03  8.827752e+03  2.189410e-17  1.777729e+01  0.000000e+00  2.503205e+00 
 1.700000e-01  1.000000e-03  4.259177e+04  2.784763e-29  8.252038e+03  4.930644e-13 -3.300815e+03  8.887717e+03  2.191207e-17  1.778739e+01  0.000000e+00  2.505787e+00 
 1.710000e-01  1.000000e-03  4.259177e+04  2.784763e-29  8.252038e+03  5.205863e-13 -3.465856e+03  8.950323e+03  2.193005e-17  1.779800e+01  0.000000e+00  2.508369e+00 
 1.720000e-01  1.000000e-03  4.259177e+04  2.784763e-29  8.252038e+03  5.481083e-13 -3.630897e+03  9.015517e+03  2.194802e-17  1.780913e+01  0.000000e+00  2.510952e+00 
 1.730000e-01  1.000000e-03  4.259177e+04  2.784763e-29  8.252038e+03  5.756303e-13 -3.795937e+03  9.083241e+03  2.196599e-17  1.782078e+01  0.000000e+00  2.513534e+00 
 1.740000e-01  1.000000e-03  4.259177e+04  2.784763e-29  8.252038e+03  6.031522e-13 -3.960978e+03  9.153441e+03  2.198396e-17  1.783295e+01  0.000000e+00  2.516116e+00 
 1.750000e-01  1.000000e-03  4.259177e+04  2.784763e-29  8.252038e+03  6.306742e-13 -4.126019e+03  9.226059e+03  2.200193e-17  1.784563e+01  0.000000e+00  2.518699e+00 
 1.760000e-01  1.000000e-03  4.259177e+04  2.784763e-29  8.252038e+03  6.581961e-13 -4.291060e+03  9.301039e+03  2.201991e-17  1.785883e+01  0.000000e+00  2.521281e+00 
 1.770000e-01  1.000000e-03  4.259177e+04  2.784763e-29  8.252038e+03  6.857181e-13 -4.456100e+03  9.378324e+03  2.203788e-17  1.787255e+01  0.000000e+00  2.523863e+00 
 1.780000e-01  1.000000e-03  4.259177e+04  2.784763e-29  8.252038e+03  7.132400e-13 -4.621141e+03  9.457858e+03  2.205585e-17  1.788679e+01  0.000000e+00  2.526446e+00 
 1.790000e-01  1.000000e-03  4.259177e+04  2.784763e-29  8.252038e+03  7.407620e-13 -4.786182e+03  9.539584e+03  2.207382e-17  1.790154e+01  0.000000e+00  2.529028e+00 
 1.800000e-01  1.000000e-03  4.259177e+04  2.784763e-29  8.252038e+03  7.682840e-13 -4.951223e+03  9.623447e+03  2.209180e-17  1.791681e+01  0.000000e+00  2.531610e+00 
 1.810000e-01  1.000000e-03  4.259177e+04  2.784763e-29  8.252038e+03  7.958059e-13 -5.116263e+03  9.709391e+03  2.210977e-17  1.793261e+01  0.000000e+00  2.534192e+00 
 1.820000e-01  1.000000e-03  4.259177e+04  2.784763e-29  8.252038e+03  8.233279e-13 -5.281304e+03  9.797362e+03  2.212774e-17  1.794891e+01  0.000000e+00  2.536775e+00 
 1.830000e-01  1.000000e-03  4.259177e+04  2.784763e-29  8.252038e+03  8.508498e-13 -5.446345e+03  9.887305e+03  2.214571e-17  1.796574e+01  0.000000e+00  2.539357e+00 
 1.840000e-01  1.000000e-03  4.259177e+04  2.784763e-29  8.252038e+03  8.783718e-13 -5.611386e+03  9.979167e+03  2.216368e-17  1.798308e+01  0.000000e+00  2.541939e+00 
 1.850000e-01  1.000000e-03  4.259177e+04  2.784763e-29  8.252038e+03  9.058937e-13 -5.776427e+03  1.007290e+04  2.218166e-17  1.800094e+01  0.000000e+00  2.544522e+00 
 1.860000e-01  1.000000e-03  4.259177e+04  2.784763e-29  8.252038e+03  9.334157e-13 -5.941467e+03  1.016844e+04  2.219963e-17  1.801932e+01  0.000000e+00  2.547104e+00 
 1.870000e-01  1.000000e-03  4.259177e+04  2.784763e-29  8.252038e+03  9.609377e-13 -6.106508e+03  1.026575e+04  2.221760e-17  1.803822e+01  0.000000e+00  2.549686e+00 
 1.880000e-01  1.000000e-03  4.259177e+04  2.784763e-29  8.252038e+03  9.884596e-13 -6.271549e+03  1.036477e+04  2.223557e-17  1.805763e+01  0.000000e+00  2.552269e+00 
 1.890000e-01  1.000000e-03  4.259177e+04  2.784763e-29  8.252038e+03  1.015982e-12 -6.436590e+03  1.046546e+04  2.225355e-17  1.807756e+01  0.000000e+00  2.554851e+00 
 1.900000e-01  1.000000e-03  4.259177e+04  2.784763e-29  8.252038e+03  1.043504e-12 -6.601630e+03  1.056776e+04  2.227152e-17  1.809801e+01  0.000000e+00  2.557433e+00 
 1.910000e-01  1.000000e-03  4.259177e+04  2.784763e-29  8.252038e+03  1.071025e-12 -6.766671e+03  1.067164e+04  2.228949e-17  1.811898e+01  0.000000e+00  2.560015e+00 
 1.920000e-01  1.000000e-03  4.259177e+04  2.784763e-29  8.252038e+03  1.098547e-12 -6.931712e+03  1.077705e+04  2.230746e-17  1.814047e+01  0.000000e+00  2.562598e+00 
 1.930000e-01  1.000000e-03  4.259177e+04  2.784763e-29  8.252038e+03  1.126069e-12 -7.096753e+03  1.088393e+04  2.232543e-17  1.816247e+01  0.000000e+00  2.565180e+00 
 1.940000e-01  1.000000e-03  4.259177e+04  2.784763e-29  8.252038e+03  1.153591e-12 -7.261793e+03  1.099226e+04  2.234341e-17  1.818499e+01  0.000000e+00  2.567762e+00 
 1.950000e-01  1.000000e-03  4.259177e+04  2.784763e-29  8.252038e+03  1.181113e-12 -7.426834e+03  1.110198e+04  2.236138e-17  1.820803e+01  0.000000e+00  2.570345e+00 
 1.960000e-01  1.000000e-03  4.259177e+04  2.784763e-29  8.252038e+03  1.208635e-12 -7.591875e+03  1.121306e+04  2.237935e-17  1.823158e+01  0.000000e+00  2.572927e+00 
 1.970000e-01  1.000000e-03  4.259177e+04  2.784763e-29  8.252038e+03  1.236157e-12 -7.756916e+03  1.132545e+04  2.239732e-17  1.825566e+01  0.000000e+00  2.575509e+00 
 1.980000e-01  1.000000e-03  4.259177e+04  2.784763e-29  8.252038e+03  1.263679e-12 -7.921956e+03  1.143912e+04  2.241530e-17  1.828025e+01  0.000000e+00  2.578092e+00 
 1.990000e-01  1.000000e-03  4.259177e+04  2.784763e-29  8.252038e+03  1.291201e-12 -8.086997e+03  1.155403e+04  2.243327e-17  1.830536e+01  0.000000e+00  2.580674e+00 
 2.000000e-01  1.000000e-03  4.259177e+04  2.784763e-29  8.252038e+03  1.318723e-12 -8.252038e+03  1.167014e+04  2.245124e-17  1.833098e+01  0.000000e+00  2.583256e+00 
 2.010000e-01  1.000000e-03  4.259177e+04 -1.978693e-43  8.226086e+03  1.323218e-12 -8.277908e+03  1.167014e+04 -1.372952e-10  1.833098e+01  0.000000e+00  2.583256e+00 
 2.020000e-01  1.000000e-03  4.259177e+04 -1.978693e-43  8.200053e+03  1.327699e-12 -8.303697e+03  1.167014e+04 -1.373111e-10  1.833098e+01  0.000000e+00  2.583256e+00 
 2.030000e-01  1.000000e-03  4.259177e+04 -1.978693e-43  8.173939e+03  1.332168e-12 -8.329405e+03  1.167014e+04 -1.373257e-10  1.833098e+01  0.000000e+00  2.583256e+00 
 2.040000e-01  1.000000e-03  4.259177e+04 -1.978693e-43  8.147744e+03  1.336623e-12 -8.355030e+03  1.167014e+04 -1.373390e-10  1.833098e+01  0.000000e+00  2.583256e+00 
 2.050000e-01  1.000000e-03  4.259177e+04 -1.978693e-43  8.121470e+03  1.341065e-12 -8.380572e+03  1.167014e+04 -1.373508e-10  1.833098e+01  0.000000e+00  2.583256e+00 
 2.060000e-01  1.000000e-03  4.259177e+04 -1.978693e-43  8.095115e+03  1.345494e-12 -8.406032e+03  1.167014e+04 -1.373614e-10  1.833098e+01  0.000000e+00  2.583256e+00 
 2.070000e-01  1.000000e-03  4.259177e+04 -1.978693e-43  8.068680e+03  1.349910e-12 -8.431409e+03  1.167014e+04 -1.373705e-10  1.833098e+01  0.000000e+00  2.583256e+00 
 2.080000e-01  1.000000e-03  4.259177e+04 -1.978693e-43  8.042166e+03  1.354312e-12 -8.456703e+03  1.167014e+04 -1.373783e-10  1.833098e+01  0.000000e+00  2.583256e+00 
 2.090000e-01  1.000000e-03  4.259177e+04 -1.978693e-43  8.015572e+03  1.358701e-12 -8.481914e+03  1.167014e+04 -1.373848e-10  1.833098e+01  0.000000e+00  2.583256e+00 
 2.100000e-01  1.000000e-03  4.259177e+04 -1.978693e-43  7.988900e+03  1.363077e-12 -8.507041e+03  1.167014e+04 -1.373899e-10  1.833098e+01  0.000000e+00  2.583256e+00 
 2.110000e-01  1.000000e-03  4.259177e+04 -1.978693e-43  7.962148e+03  1.367439e-12 -8.532084e+03  1.167014e+04 -1.373937e-10  1.833098e+01  0.000000e+00  2.583256e+00 
 2.120000e-01  1.000000e-03  4.259177e+04 -1.978693e-43  7.935318e+03  1.371787e-12 -8.557043e+03  1.167014e+04 -1.373961e-10  1.833098e+01  0.000000e+00  2.583256e+00 
 2.130000e-01  1.000000e-03  4.259177e+04 -1.978693e-43  7.908410e+03  1.376123e-12 -8.581917e+03  1.167014e+04 -1.373971e-10  1.833098e+01  0.000000e+00  2.583256e+00 
 2.140000e-01  1.000000e-03  4.259177e+04 -1.978693e-43  7.881424e+03  1.380444e-12 -8.606707e+03  1.167014e+04 -1.373968e-10  1.833098e+01  0.000000e+00  2.583256e+00 
 2.150000e-01  1.000000e-03  4.259177e+04 -1.978693e-43  7.854360e+03  1.384752e-12 -8.631412e+03  1.167014e+04 -1.373951e-10  1.833098e+01  0.000000e+00  2.583256e+00 
 2.160000e-01  1.000000e-03  4.259177e+04 -1.978693e-43  7.827219e+03  1.389046e-12 -8.656032e+03  1.167014e+04 -1.373921e-10  1.833098e+01  0.000000e+00  2.583256e+00 
 2.170000e-01  1.000000e-03  4.259177e+04 -1.978693e-43  7.800001e+03  1.393327e-12 -8.680567e+03  1.167014e+04 -1.373877e-10  1.833098e+01  0.000000e+00  2.583256e+00 
 2.180000e-01  1.000000e-03  4.259177e+04 -1.978693e-43  7.772705e+03  1.397594e-12 -8.705016e+03  1.167014e+04 -1.373820e-10  1.833098e+01  0.000000e+00  2.583256e+00 
 2.190000e-01  1.000000e-03  4.259177e+04 -1.978693e-43  7.745334e+03  1.401847e-12 -8.729379e+03  1.167014e+04 -1.373749e-10  1.833098e+01  0.000000e+00  2.583256e+00 
 2.200000e-01  1.000000e-03  4.259177e+04 -1.978693e-43  7.717885e+03  1.406086e-12 -8.753657e+03  1.167014e+04 -1.373665e-10  1.833098e+01  0.000000e+00  2.583256e+00 
 2.210000e-01  1.000000e-03  4.259177e+04 -1.978693e-43  7.690361e+03  1.410312e-12 -8.777848e+03  1.167014e+04 -1.373567e-10  1.833098e+01  0.000000e+00  2.583256e+00 
 2.220000e-01  1.000000e-03  4.259177e+04 -1.978693e-43  7.662761e+03  1.414523e-12 -8.801952e+03  1.167014e+04 -1.373455e-10  1.833098e+01  0.000000e+00  2.583256e+00 
 2.230000e-01  1.000000e-03  4.259177e+04 -1.978693e-43  7.635085e+03  1.418721e-12 -8.825969e+03  1.167014e+04 -1.373330e-10  1.833098e+01  0.000000e+00  2.583256e+00 
 2.240000e-01  1.000000e-03  4.259177e+04 -1.978693e-43  7.607334e+03  1.422904e-12 -8.849900e+03  1.167014e+04 -1.373192e-10  1.833098e+01  0.000000e+00  2.583256e+00 
 2.250000e-01  1.000000e-03  4.259177e+04 -1.978693e-43  7.579508e+03  1.427074e-12 -8.873743e+03  1.167014e+04 -1.373040e-10  1.833098e+01  0.000000e+00  2.583256e+00 
 2.260000e-01  1.000000e-03  4.259177e+04 -1.978693e-43  7.551607e+03  1.431229e-12 -8.897499e+03  1.167014e+04 -1.372874e-10  1.833098e+01  0.000000e+00  2.583256e+00 
 2.270000e-01  1.000000e-03  4.259177e+04 -1.978693e-43  7.523632e+03  1.435371e-12 -8.921167e+03  1.167014e+04 -1.372695e-10  1.833098e+01  0.000000e+00  2.583256e+00 
 2.280000e-01  1.000000e-03  4.259177e+04 -1.978693e-43  7.495582e+03  1.439498e-12 -8.944747e+03  1.167014e+04 -1.372502e-10  1.833098e+01  0.000000e+00  2.583256e+00 
 2.290000e-01  1.000000e-03  4.259177e+04 -1.978693e-43  7.467459e+03  1.443611e-12 -8.968239e+03  1.167014e+04 -1.372296e-10  1.833098e+01  0.000000e+00  2.583256e+00 
 2.300000e-01  1.000000e-03  4.259177e+04 -1.978693e-43  7.439262e+03  1.447710e-12 -8.991643e+03  1.167014e+04 -1.372076e-10  1.833098e+01  0.000000e+00  2.583256e+00 
 2.310000e-01  1.000000e-03  4.259177e+04 -1.978693e-43  7.410992e+03  1.451794e-12 -9.014958e+03  1.167014e+04 -1.371843e-10  1.833098e+01  0.000000e+00  2.583256e+00 
 2.320000e-01  1.000000e-03  4.259177e+04 -1.978693e-43  7.382648e+03  1.455864e-12 -9.038183e+03  1.167014e+04 -1.371596e-10  1.833098e+01  0.000000e+00  2.583256e+00 
 2.330000e-01  1.000000e-03  4.259177e+04 -1.978693e-43  7.354232e+03  1.459920e-12 -9.061320e+03  1.167014e+04 -1.371336e-10  1.833098e+01  0.000000e+00  2.583256e+00 
 2.340000e-01  1.000000e-03  4.259177e+04 -1.978693e-43  7.325744e+03  1.463962e-12 -9.084368e+03  1.167014e+04 -1.371062e-10  1.833098e+01  0.000000e+00  2.583256e+00 
 2.350000e-01  1.000000e-03  4.259177e+04 -1.978693e-43  7.297183e+03  1.467989e-12 -9.107326e+03  1.167014e+04 -1.370775e-10  1.833098e+01  0.000000e+00  2.583256e+00 
 2.360000e-01  1.000000e-03  4.259177e+04 -1.978693e-43  7.268550e+03  1.472001e-12 -9.130194e+03  1.167014e+04 -1.370474e-10  1.833098e+01  0.000000e+00  2.583256e+00 
 2.370000e-01  1.000000e-03  4.259177e+04 -1.978693e-43  7.239845e+03  1.475999e-12 -9.152972e+03  1.167014e+04 -1.370159e-10  1.833098e+01  0.000000e+00  2.583256e+00 
 2.380000e-01  1.000000e-03  4.259177e+04 -1.978693e-43  7.211070e+03  1.479983e-12 -9.175660e+03  1.167014e+04 -1.369831e-10  1.833098e+01  0.000000e+00  2.583256e+00 
 2.390000e-01  1.000000e-03  4.259177e+04 -1.978693e-43  7.182223e+03  1.483952e-12 -9.198257e+03  1.167014e+04 -1.369490e-10  1.833098e+01  0.000000e+00  2.583256e+00 
 2.400000e-01  1.000000e-03  4.259177e+04 -1.978693e-43  7.153305e+03  1.487906e-12 -9.220764e+03  1.167014e+04 -1.369135e-10  1.833098e+01  0.000000e+00  2.583256e+00 
 2.410000e-01  1.000000e-03  4.259177e+04 -1.978693e-43  7.124316e+03  1.491845e-12 -9.243180e+03  1.167014e+04 -1.368767e-10  1.833098e+01  0.000000e+00  2.583256e+00 
 2.420000e-01  1.000000e-03  4.259177e+04 -1.978693e-43  7.095258e+03  1.495770e-12 -9.265505e+03  1.167014e+04 -1.368385e-10  1.833098e+01  0.000000e+00  2.583256e+00 
 2.430000e-01  1.000000e-03  4.259177e+04 -1.978693e-43  7.066129e+03  1.499680e-12 -9.287738e+03  1.167014e+04 -1.367989e-10  1.833098e+01  0.000000e+00  2.583256e+00 
 2.440000e-01  1.000000e-03  4.259177e+04 -1.978693e-43  7.036931e+03  1.503576e-12 -9.309880e+03  1.167014e+04 -1.367581e-10  1.833098e+01  0.000000e+00  2.583256e+00 
 2.450000e-01  1.000000e-03  4.259177e+04 -1.978693e-43  7.007664e+03  1.507456e-12 -9.331930e+03  1.167014e+04 -1.367158e-10  1.833098e+01  0.000000e+00  2.583256e+00 
 2.460000e-01  1.000000e-03  4.259177e+04 -1.978693e-43  6.978327e+03  1.511322e-12 -9.353888e+03  1.167014e+04 -1.366722e-10  1.833098e+01  0.000000e+00  2.583256e+00 
 2.470000e-01  1.000000e-03  4.259177e+04 -1.978693e-43  6.948921e+03  1.515173e-12 -9.375753e+03  1.167014e+04 -1.366273e-10  1.833098e+01  0.000000e+00  2.583256e+00 
 2.480000e-01  1.000000e-03  4.259177e+04 -1.978693e-43  6.919447e+03  1.519008e-12 -9.397527e+03  1.167014e+04 -1.365810e-10  1.833098e+01  0.000000e+00  2.583256e+00 
 2.490000e-01  1.000000e-03  4.259177e+04 -1.978693e-43  6.889905e+03  1.522829e-12 -9.419207e+03  1.167014e+04 -1.365334e-10  1.833098e+01  0.000000e+00  2.583256e+00 
 2.500000e-01  1.000000e-03  4.259177e+04 -1.978693e-43  6.860295e+03  1.526635e-12 -9.440795e+03  1.167014e+04 -1.364844e-10  1.833098e+01  0.000000e+00  2.583256e+00 
 2.510000e-01  1.000000e-03  4.195449e+04 -2.884607e+03  6.825907e+03  1.518952e-12 -9.393472e+03  1.161165e+04  5.027604e-14  1.790177e+01  0.000000e+00  2.612102e+00 
 2.520000e-01  1.000000e-03  4.132043e+04 -2.877294e+03  6.791346e+03  1.511231e-12 -9.345910e+03  1.155285e+04  5.014760e-14  1.747887e+01  0.000000e+00  2.640875e+00 
 2.530000e-01  1.000000e-03  4.068959e+04 -2.869926e+03  6.756607e+03  1.503471e-12 -9.298105e+03  1.149376e+04  5.001817e-14  1.706227e+01  0.000000e+00  2.669575e+00 
 2.540000e-01  1.000000e-03  4.006199e+04 -2.862501e+03  6.721689e+03  1.495671e-12 -9.250052e+03  1.143436e+04  4.988776e-14  1.665193e+01  0.000000e+00  2.698200e+00 
 2.550000e-01  1.000000e-03  3.943766e+04 -2.855017e+03  6.686589e+03  1.487831e-12 -9.201749e+03  1.137465e+04  4.975634e-14  1.624781e+01  0.000000e+00  2.726750e+00 
 2.560000e-01  1.000000e-03  3.881660e+04 -2.847474e+03  6.651303e+03  1.479950e-12 -9.153190e+03  1.131462e+04  4.962388e-14  1.584989e+01  0.000000e+00  2.755224e+00 
 2.570000e-01  1.000000e-03  3.819884e+04 -2.839870e+03  6.615829e+03  1.472027e-12 -9.104373e+03  1.125428e+04  4.949038e-14  1.545812e+01  0.000000e+00  2.783623e+00 
 2.580000e-01  1.000000e-03  3.758438e+04 -2.832205e+03  6.580164e+03  1.464062e-12 -9.055292e+03  1.119361e+04  4.935582e-14  1.507248e+01  0.000000e+00  2.811945e+00 
 2.590000e-01  1.000000e-03  3.697326e+04 -2.824478e+03  6.544304e+03  1.456054e-12 -9.005944e+03  1.113261e+04  4.922016e-14  1.469293e+01  0.000000e+00  2.840190e+00 
 2.600000e-01  1.000000e-03  3.636549e+04 -2.816686e+03  6.508247e+03  1.448003e-12 -8.956324e+03  1.107127e+04  4.908340e-14  1.431943e+01  0.000000e+00  2.868357e+00 
 2.610000e-01  1.000000e-03  3.576109e+04 -2.808829e+03  6.471990e+03  1.439907e-12 -8.906428e+03  1.100959e+04  4.894550e-14  1.395196e+01  0.000000e+00  2.896445e+00 
 2.620000e-01  1.000000e-03  3.516007e+04 -2.800906e+03  6.435527e+03  1.431766e-12 -8.856251e+03  1.094757e+04  4.880645e-14  1.359048e+01  0.000000e+00  2.924454e+00 
 2.630000e-01  1.000000e-03  3.456245e+04 -2.792914e+03  6.398857e+03  1.423579e-12 -8.805787e+03  1.088519e+04  4.866623e-14  1.323495e+01  0.000000e+00  2.952383e+00 
 2.640000e-01  1.000000e-03  3.396827e+04 -2.784854e+03  6.361976e+03  1.415346e-12 -8.755033e+03  1.082245e+04  4.852480e-14  1.288534e+01  0.000000e+00  2.980232e+00 
 2.650000e-01  1.000000e-03  3.337752e+04 -2.776723e+03  6.324880e+03  1.407065e-12 -8.703983e+03  1.075934e+04  4.838215e-14  1.254162e+01  0.000000e+00  3.007999e+00 
 2.660000e-01  1.000000e-03  3.279024e+04 -2.768520e+03  6.287564e+03  1.398736e-12 -8.652631e+03  1.069586e+04  4.823826e-14  1.220374e+01  0.000000e+00  3.035684e+00 
 2.670000e-01  1.000000e-03  3.220645e+04 -2.760243e+03  6.250026e+03  1.390357e-12 -8.600974e+03  1.063201e+04  4.809308e-14  1.187168e+01  0.000000e+00  3.063287e+00 
 2.680000e-01  1.000000e-03  3.162616e+04 -2.751891e+03  6.212261e+03  1.381928e-12 -8.549003e+03  1.056776e+04  4.794660e-14  1.154540e+01  0.000000e+00  3.090806e+00 
 2.690000e-01  1.000000e-03  3.104940e+04 -2.743463e+03  6.174266e+03  1.373449e-12 -8.496715e+03  1.050313e+04  4.779879e-14  1.122485e+01  0.000000e+00  3.118240e+00 
 2.700000e-01  1.000000e-03  3.047619e+04 -2.734956e+03  6.136035e+03  1.364917e-12 -8.444104e+03  1.043809e+04  4.764962e-14  1.091002e+01  0.000000e+00  3.145590e+00 
 2.710000e-01  1.000000e-03  2.990655e+04 -2.726369e+03  6.097564e+03  1.356332e-12 -8.391162e+03  1.037265e+04  4.749906e-14  1.060085e+01  0.000000e+00  3.172853e+00 
 2.720000e-01  1.000000e-03  2.934051e+04 -2.717700e+03  6.058849e+03  1.347693e-12 -8.337884e+03  1.030679e+04  4.734708e-14  1.029731e+01  0.000000e+00  3.200030e+00 
 2.730000e-01  1.000000e-03  2.877808e+04 -2.708947e+03  6.019885e+03  1.339000e-12 -8.284264e+03  1.024051e+04  4.719365e-14  9.999369e+00  0.000000e+00  3.227120e+00 
 2.740000e-01  1.000000e-03  2.821929e+04 -2.700108e+03  5.980667e+03  1.330250e-12 -8.230294e+03  1.017380e+04  4.703873e-14  9.706986e+00  0.000000e+00  3.254121e+00 
 2.750000e-01  1.000000e-03  2.766417e+04 -2.691182e+03  5.941190e+03  1.321443e-12 -8.175968e+03  1.010664e+04  4.688229e-14  9.420125e+00  0.000000e+00  3.281033e+00 
 2.760000e-01  1.000000e-03  2.711273e+04 -2.682166e+03  5.901449e+03  1.312577e-12 -8.121279e+03  1.003904e+04  4.672429e-14  9.138746e+00  0.000000e+00  3.307855e+00 
 2.770000e-01  1.000000e-03  2.656501e+04 -2.673059e+03  5.861439e+03  1.303652e-12 -8.066219e+03  9.970975e+03  4.656470e-14  8.862812e+00  0.000000e+00  3.334585e+00 
 2.780000e-01  1.000000e-03  2.602103e+04 -2.663857e+03  5.821153e+03  1.294666e-12 -8.010780e+03  9.902445e+03  4.640347e-14  8.592284e+00  0.000000e+00  3.361224e+00 
 2.790000e-01  1.000000e-03  2.548081e+04 -2.654559e+03  5.780587e+03  1.285618e-12 -7.954955e+03  9.833438e+03  4.624058e-14  8.327125e+00  0.000000e+00  3.387769e+00 
 2.800000e-01  1.000000e-03  2.494438e+04 -2.645162e+03  5.739735e+03  1.276507e-12 -7.898736e+03  9.763943e+03  4.607597e-14  8.067295e+00  0.000000e+00  3.414221e+00 
 2.810000e-01  1.000000e-03  2.441177e+04 -2.635664e+03  5.698589e+03  1.267331e-12 -7.842113e+03  9.693950e+03  4.590961e-14  7.812755e+00  0.000000e+00  3.440578e+00 
 2.820000e-01  1.000000e-03  2.388301e+04 -2.626062e+03  5.657144e+03  1.258089e-12 -7.785079e+03  9.623447e+03  4.574144e-14  7.563465e+00  0.000000e+00  3.466838e+00 
 2.830000e-01  1.000000e-03  2.335812e+04 -2.616354e+03  5.615394e+03  1.248779e-12 -7.727624e+03  9.552424e+03  4.557142e-14  7.319386e+00  0.000000e+00  3.493002e+00 
 2.840000e-01  1.000000e-03  2.283713e+04 -2.606536e+03  5.573330e+03  1.239400e-12 -7.669738e+03  9.480870e+03  4.539951e-14  7.080477e+00  0.000000e+00  3.519067e+00 
 2.850000e-01  1.000000e-03  2.232008e+04 -2.596606e+03  5.530947e+03  1.229950e-12 -7.611412e+03  9.408771e+03  4.522565e-14  6.846698e+00  0.000000e+00  3.545033e+00 
 2.860000e-01  1.000000e-03  2.180699e+04 -2.586561e+03  5.488236e+03  1.220428e-12 -7.552636e+03  9.336115e+03  4.504979e-14  6.618008e+00  0.000000e+00  3.570899e+00 
 2.870000e-01  1.000000e-03  2.129789e+04 -2.576398e+03  5.445190e+03  1.210831e-12 -7.493399e+03  9.262890e+03  4.487188e-14  6.394366e+00  0.000000e+00  3.596663e+00 
 2.880000e-01  1.000000e-03  2.079281e+04 -2.566113e+03  5.401802e+03  1.201159e-12 -7.433689e+03  9.189080e+03  4.469185e-14  6.175730e+00  0.000000e+00  3.622324e+00 
 2.890000e-01  1.000000e-03  2.029179e+04 -2.555702e+03  5.358062e+03  1.191409e-12 -7.373497e+03  9.114674e+03  4.450965e-14  5.962058e+00  0.000000e+00  3.647881e+00 
 2.900000e-01  1.000000e-03  1.979487e+04 -2.545163e+03  5.313962e+03  1.181579e-12 -7.312808e+03  9.039655e+03  4.432521e-14  5.753309e+00  0.000000e+00  3.673332e+00 
 2.910000e-01  1.000000e-03  1.930206e+04 -2.534491e+03  5.269493e+03  1.171668e-12 -7.251612e+03  8.964008e+03  4.413847e-14  5.549438e+00  0.000000e+00  3.698677e+00 
 2.920000e-01  1.000000e-03  1.881342e+04 -2.523683e+03  5.224645e+03  1.161673e-12 -7.189895e+03  8.887717e+03  4.394937e-14  5.350403e+00  0.000000e+00  3.723914e+00 
 2.930000e-01  1.000000e-03  1.832897e+04 -2.512734e+03  5.179409e+03  1.151592e-12 -7.127644e+03  8.810765e+03  4.375782e-14  5.156160e+00  0.000000e+00  3.749042e+00 
 2.940000e-01  1.000000e-03  1.784875e+04 -2.501640e+03  5.133775e+03  1.141423e-12 -7.064844e+03  8.733136e+03  4.356375e-14  4.966666e+00  0.000000e+00  3.774058e+00 
 2.950000e-01  1.000000e-03  1.737280e+04 -2.490396e+03  5.087731e+03  1.131163e-12 -7.001481e+03  8.654810e+03  4.336708e-14  4.781875e+00  0.000000e+00  3.798962e+00 
 2.960000e-01  1.000000e-03  1.690115e+04 -2.478998e+03  4.967672e+03  1.104448e-12 -6.836262e+03  8.450577e+03  0.000000e+00  4.574176e+00  2.756624e-02  3.823752e+00 
 2.970000e-01  1.000000e-03  1.643386e+04 -2.467441e+03  4.830322e+03  1.073890e-12 -6.647248e+03  8.216928e+03  0.000000e+00  4.365341e+00  6.113900e-02  3.848426e+00 
 2.980000e-01  1.000000e-03  1.597095e+04 -2.455719e+03  4.694262e+03  1.043619e-12 -6.460008e+03  7.985474e+03  0.000000e+00  4.162333e+00  9.377195e-02  3.872984e+00 
 2.990000e-01  1.000000e-03  1.551247e+04 -2.443826e+03  4.559504e+03  1.013640e-12 -6.274561e+03  7.756235e+03  0.000000e+00  3.965098e+00  1.254740e-01  3.897422e+00 
 3.000000e-01  1.000000e-03  1.505847e+04 -2.431758e+03  4.426060e+03  9.839539e-13 -6.090922e+03  7.529233e+03  0.000000e+00  3.773580e+00  1.562542e-01  3.921739e+00 
 3.010000e-01  1.000000e-03  1.460898e+04 -2.419507e+03  4.293944e+03  9.545643e-13 -5.909111e+03  7.304489e+03  0.000000e+00  3.587721e+00  1.861217e-01  3.945934e+00 
 3.020000e-01  1.000000e-03  1.416405e+04 -2.407067e+03  4.163170e+03  9.254740e-13 -5.729146e+03  7.082027e+03  0.000000e+00  3.407467e+00  2.150857e-01  3.970005e+00 
 3.030000e-01  1.000000e-03  1.372374e+04 -2.394431e+03  4.033751e+03  8.966862e-13 -5.551046e+03  6.861870e+03  0.000000e+00  3.232758e+00  2.431554e-01  3.993949e+00 
 3.040000e-01  1.000000e-03  1.328809e+04 -2.381591e+03  3.905701e+03  8.682039e-13 -5.374831e+03  6.644043e+03  0.000000e+00  3.063537e+00  2.703402e-01  4.017765e+00 
 3.050000e-01  1.000000e-03  1.285714e+04 -2.368541e+03  3.779036e+03  8.400305e-13 -5.200521e+03  6.428571e+03  0.000000e+00  2.899745e+00  2.966498e-01  4.041451e+00 
 3.060000e-01  1.000000e-03  1.243096e+04 -2.355271e+03  3.653771e+03  8.121694e-13 -5.028137e+03  6.215481e+03  0.000000e+00  2.741323e+00  3.220935e-01  4.065003e+00 
 3.070000e-01  1.000000e-03  1.200960e+04 -2.341774e+03  3.529921e+03  7.846240e-13 -4.857701e+03  6.004798e+03  0.000000e+00  2.588211e+00  3.466813e-01  4.088421e+00 
 3.080000e-01  1.000000e-03  1.159310e+04 -2.328038e+03  3.407503e+03  7.573980e-13 -4.689235e+03  5.796551e+03  0.000000e+00  2.440348e+00  3.704228e-01  4.111702e+00 
 3.090000e-01  1.000000e-03  1.118154e+04 -2.314055e+03  3.286534e+03  7.304951e-13 -4.522763e+03  5.590768e+03  0.000000e+00  2.297673e+00  3.933281e-01  4.134842e+00 
 3.100000e-01  1.000000e-03  1.077496e+04 -2.299814e+03  3.167031e+03  7.039192e-13 -4.358309e+03  5.387480e+03  0.000000e+00  2.160123e+00  4.154072e-01  4.157840e+00 
 3.110000e-01  1.000000e-03  1.037344e+04 -2.285304e+03  3.049012e+03  6.776743e-13 -4.195898e+03  5.186718e+03  0.000000e+00  2.027636e+00  4.366702e-01  4.180693e+00 
 3.120000e-01  1.000000e-03  9.977026e+03 -2.270511e+03  2.932498e+03  6.517647e-13 -4.035557e+03  4.988513e+03  0.000000e+00  1.900148e+00  4.571274e-01  4.203398e+00 
 3.130000e-01  1.000000e-03  9.585798e+03 -2.255424e+03  2.817506e+03  6.261946e-13 -3.877311e+03  4.792899e+03  0.000000e+00  1.777595e+00  4.767894e-01  4.225953e+00 
 3.140000e-01  1.000000e-03  9.199823e+03 -2.240028e+03  2.704058e+03  6.009686e-13 -3.721190e+03  4.599911e+03  0.000000e+00  1.659911e+00  4.956667e-01  4.248353e+00 
 3.150000e-01  1.000000e-03  8.819171e+03 -2.224307e+03  2.592175e+03  5.760915e-13 -3.567222e+03  4.409586e+03  0.000000e+00  1.547030e+00  5.137700e-01  4.270596e+00 
 3.160000e-01  1.000000e-03  8.443919e+03 -2.208246e+03  2.481879e+03  5.515680e-13 -3.415438e+03  4.221960e+03  0.000000e+00  1.438884e+00  5.311102e-01  4.292678e+00 
 3.170000e-01  1.000000e-03  8.074146e+03 -2.191827e+03  2.373194e+03  5.274034e-13 -3.265871e+03  4.037073e+03  0.000000e+00  1.335406e+00  5.476983e-01  4.314597e+00 
 3.180000e-01  1.000000e-03  7.709934e+03 -2.175030e+03  2.266143e+03  5.036029e-13 -3.118552e+03  3.854967e+03  0.000000e+00  1.236527e+00  5.635456e-01  4.336347e+00 
 3.190000e-01  1.000000e-03  7.351369e+03 -2.157835e+03  2.160752e+03  4.801723e-13 -2.973518e+03  3.675685e+03  0.000000e+00  1.142175e+00  5.786633e-01  4.357925e+00 
 3.200000e-01  1.000000e-03  6.998542e+03 -2.140218e+03  2.057047e+03  4.571174e-13 -2.830805e+03  3.499271e+03  0.000000e+00  1.052281e+00  5.930631e-01  4.379328e+00 
 3.210000e-01  1.000000e-03  6.651547e+03 -2.122156e+03  1.955056e+03  4.344444e-13 -2.690451e+03  3.325774e+03  0.000000e+00  9.667708e-01  6.067566e-01  4.400549e+00 
 3.220000e-01  1.000000e-03  6.310485e+03 -2.103620e+03  1.854810e+03  4.121597e-13 -2.552496e+03  3.155243e+03  0.000000e+00  8.855714e-01  6.197559e-01  4.421585e+00 
 3.230000e-01  1.000000e-03  5.975460e+03 -2.084581e+03  1.756337e+03  3.902703e-13 -2.416984e+03  2.987730e+03  0.000000e+00  8.086078e-01  6.320731e-01  4.442431e+00 
 3.240000e-01  1.000000e-03  5.646583e+03 -2.065005e+03  1.659672e+03  3.687832e-13 -2.283958e+03  2.823292e+03  0.000000e+00  7.358035e-01  6.437204e-01  4.463081e+00 
 3.250000e-01  1.000000e-03  5.323971e+03 -2.044856e+03  1.564849e+03  3.477062e-13 -2.153466e+03  2.661986e+03  0.000000e+00  6.670809e-01  6.547106e-01  4.483530e+00 
 3.260000e-01  1.000000e-03  5.007749e+03 -2.024094e+03  1.471903e+03  3.270473e-13 -2.025559e+03  2.503875e+03  0.000000e+00  6.023607e-01  6.650565e-01  4.503771e+00 
 3.270000e-01  1.000000e-03  4.698048e+03 -2.002672e+03  1.380874e+03  3.068152e-13 -1.900290e+03  2.349024e+03  0.000000e+00  5.415619e-01  6.747711e-01  4.523797e+00 
 3.280000e-01  1.000000e-03  4.395009e+03 -1.980539e+03  1.291803e+03  2.870188e-13 -1.777715e+03  2.197504e+03  0.000000e+00  4.846020e-01  6.838680e-01  4.543603e+00 
 3.290000e-01  1.000000e-03  4.098780e+03 -1.957639e+03  1.204734e+03  2.676681e-13 -1.657895e+03  2.049390e+03  0.000000e+00  4.313966e-01  6.923606e-01  4.563179e+00 
 3.300000e-01  1.000000e-03  3.809524e+03 -1.933906e+03  1.119714e+03  2.487734e-13 -1.540895e+03  1.904762e+03  0.000000e+00  3.818594e-01  7.002631e-01  4.582518e+00 
 3.310000e-01  1.000000e-03  3.527411e+03 -1.909265e+03  1.036795e+03  2.303460e-13 -1.426785e+03  1.763706e+03  0.000000e+00  3.359019e-01  7.075898e-01  4.601611e+00 
 3.320000e-01  1.000000e-03  3.252628e+03 -1.883631e+03  9.560290e+02  2.123980e-13 -1.315639e+03  1.626314e+03  0.000000e+00  2.934336e-01  7.143553e-01  4.620447e+00 
 3.330000e-01  1.000000e-03  2.985376e+03 -1.856906e+03  8.774769e+02  1.949424e-13 -1.207540e+03  1.492688e+03  0.000000e+00  2.543612e-01  7.205749e-01  4.639016e+00 
 3.340000e-01  1.000000e-03  2.725873e+03 -1.828975e+03  8.012024e+02  1.779935e-13 -1.102575e+03  1.362937e+03  0.000000e+00  2.185891e-01  7.262639e-01  4.657306e+00 
 3.350000e-01  1.000000e-03  2.474358e+03 -1.799702e+03  7.272759e+02  1.615669e-13 -1.000841e+03  1.237179e+03  0.000000e+00  1.860187e-01  7.314385e-01  4.675303e+00 
 3.360000e-01  1.000000e-03  2.231093e+03 -1.768927e+03  6.557742e+02  1.456797e-13 -9.024437e+02  1.115547e+03  0.000000e+00  1.565484e-01  7.361150e-01  4.692992e+00 
 3.370000e-01  1.000000e-03  1.996369e+03 -1.736455e+03  5.867827e+02  1.303507e-13 -8.075010e+02  9.981843e+02  0.000000e+00  1.300729e-01  7.403107e-01  4.710357e+00 
 3.380000e-01  1.000000e-03  1.770507e+03 -1.702053e+03  5.203963e+02  1.156009e-13 -7.161433e+02  8.852533e+02  0.000000e+00  1.064833e-01  7.440432e-01  4.727377e+00 
 3.390000e-01  1.000000e-03  1.553870e+03 -1.553870e+03  4.567214e+02  1.014542e-13 -6.285171e+02  7.769351e+02  0.000000e+00  8.566634e-02  7.473308e-01  4.742916e+00 
 3.400000e-01  1.000000e-03  1.346870e+03 -1.346870e+03  3.958788e+02  8.793710e-14 -5.447887e+02  6.734350e+02  0.000000e+00  6.750384e-02  7.501929e-01  4.756385e+00 
 3.410000e-01  1.000000e-03  1.149978e+03 -1.149978e+03  3.380073e+02  7.508051e-14 -4.651487e+02  5.749889e+02  0.000000e+00  5.187221e-02  7.526496e-01  4.767885e+00 
 3.420000e-01  1.000000e-03  9.637418e+02 -9.637418e+02  2.832678e+02  6.292015e-14 -3.898190e+02  4.818709e+02  0.000000e+00  3.864146e-02  7.547219e-01  4.777522e+00 
 3.430000e-01  1.000000e-03  7.888106e+02 -7.888106e+02  2.318512e+02  5.149833e-14 -3.190620e+02  3.944053e+02  0.000000e+00  2.767411e-02  7.564323e-01  4.785410e+00 
 3.440000e-01  1.000000e-03  6.259686e+02 -6.259686e+02  1.839879e+02  4.086620e-14 -2.531949e+02  3.129843e+02  0.000000e+00  1.882377e-02  7.578047e-01  4.791670e+00 
 3.450000e-01  1.000000e-03  4.761905e+02 -4.761905e+02  1.399643e+02  3.108735e-14 -1.926119e+02  2.380952e+02  0.000000e+00  1.193311e-02  7.588648e-01  4.796432e+00 
 3.460000e-01  1.000000e-03  3.407342e+02 -3.407342e+02  1.001503e+02  2.224385e-14 -1.378218e+02  1.703671e+02  0.000000e+00  6.830909e-03  7.596406e-01  4.799839e+00 
 3.470000e-01  1.000000e-03  2.213133e+02 -2.213133e+02  6.504953e+01  1.444752e-14 -8.951791e+01  1.106567e+02  0.000000e+00  3.327604e-03  7.601632e-01  4.802052e+00 
 3.480000e-01  1.000000e-03  1.204677e+02 -1.204677e+02  3.540848e+01  7.864075e-15 -4.872738e+01  6.023386e+01  0.000000e+00  1.207545e-03  7.604679e-01  4.803257e+00 
 3.490000e-01  1.000000e-03  4.259177e+01 -4.259177e+01  1.251879e+01  2.780315e-15 -1.722773e+01  2.129589e+01  0.000000e+00  2.134659e-04  7.605972e-01  4.803683e+00 
 3.500000e-01  1.000000e-03  0.000000e+00  0.000000e+00  0.000000e+00  0.000000e+00  0.000000e+00  0.000000e+00  0.000000e+00  0.000000e+00  7.605972e-01  4.803683e+00 
